dataset,model,n_ahead,ws,n_var,mae,mape,training_time,run
ws7_fh1_var1,LSTM,1,7,1,3.136070613091009,9.755219775678324,10.312574863433838,1
ws7_fh1_var3,LSTM,1,7,3,4.11364446859585,14.302283738769738,9.864253282546995,1
ws7_fh3_var1,LSTM,3,7,1,3.7128780470715776,11.394389108372808,8.982558727264404,1
ws7_fh3_var3,LSTM,3,7,3,3.1975454906644303,10.106751958446749,9.409178733825684,1
ws7_fh7_var1,LSTM,7,7,1,4.486160071094292,13.676603156634354,10.032421112060549,1
ws7_fh7_var3,LSTM,7,7,3,4.378691289003781,13.372434748839243,9.952444314956663,1
ws15_fh1_var1,LSTM,1,15,1,3.757419033443711,11.835900131320567,9.68475580215454,1
ws15_fh1_var3,LSTM,1,15,3,3.401839026717274,11.011890508331554,10.289284706115724,1
ws15_fh3_var1,LSTM,3,15,1,3.8834718551413134,11.867164095693468,10.95180368423462,1
ws15_fh3_var3,LSTM,3,15,3,3.820420170788161,11.92107958878166,10.631264209747314,1
ws15_fh7_var1,LSTM,7,15,1,4.77938589124625,14.534263396940275,10.663814306259155,1
ws15_fh7_var3,LSTM,7,15,3,4.622536982207352,13.690123577226547,10.67850375175476,1
ws30_fh1_var1,LSTM,1,30,1,3.2895064390903554,10.243649403557626,12.56505036354065,1
ws30_fh1_var3,LSTM,1,30,3,3.3415613393419985,10.39240907642049,10.381848096847534,1
ws30_fh3_var1,LSTM,3,30,1,3.605436699142047,11.074102921829304,11.176923513412476,1
ws30_fh3_var3,LSTM,3,30,3,3.1514195484219214,9.84291588009509,10.832041263580322,1
ws30_fh7_var1,LSTM,7,30,1,4.746763692805128,14.3221207393763,11.441625595092772,1
ws30_fh7_var3,LSTM,7,30,3,4.473339141051855,13.499451077781638,11.513240337371826,1
ws7_fh1_var1,LSTM,1,7,1,3.8702886466252218,12.260729560660506,10.347898483276367,2
ws7_fh1_var3,LSTM,1,7,3,3.2371860158445,10.403868502977438,10.468490600585938,2
ws7_fh3_var1,LSTM,3,7,1,3.5206648259463185,10.79250137349283,9.957934379577637,2
ws7_fh3_var3,LSTM,3,7,3,3.3422233013346685,10.604004113457393,9.617461919784546,2
ws7_fh7_var1,LSTM,7,7,1,4.508346384867575,13.735343168901428,9.846577882766724,2
ws7_fh7_var3,LSTM,7,7,3,4.35417278567736,13.225991440008457,9.439963817596436,2
ws15_fh1_var1,LSTM,1,15,1,3.4960251097459203,10.786264848659773,8.913218975067139,2
ws15_fh1_var3,LSTM,1,15,3,4.372882092003131,15.238181107656407,10.747896194458008,2
ws15_fh3_var1,LSTM,3,15,1,3.7188925958012864,11.38469113844339,11.371662139892578,2
ws15_fh3_var3,LSTM,3,15,3,3.444803030371154,10.656299337914692,10.579821109771729,2
ws15_fh7_var1,LSTM,7,15,1,4.815133346658971,14.366401127629508,11.2654767036438,2
ws15_fh7_var3,LSTM,7,15,3,4.45926277832506,13.543607263920432,11.025891542434692,2
ws30_fh1_var1,LSTM,1,30,1,3.834300718410524,11.98592064912872,10.693241357803345,2
ws30_fh1_var3,LSTM,1,30,3,4.001998127971127,13.629997114682087,11.283119916915894,2
ws30_fh3_var1,LSTM,3,30,1,3.507082161889416,10.799162729538502,11.393197774887083,2
ws30_fh3_var3,LSTM,3,30,3,3.4673310644278312,10.897881366839062,11.988008499145508,2
ws30_fh7_var1,LSTM,7,30,1,4.8407585989075015,14.736955093934846,11.916399717330933,2
ws30_fh7_var3,LSTM,7,30,3,4.474150485988265,13.295989732734922,11.17852258682251,2
ws7_fh1_var1,LSTM,1,7,1,3.891035179973981,12.336469255770456,10.111468076705933,3
ws7_fh1_var3,LSTM,1,7,3,4.927817993935004,16.831554789774067,10.666470050811768,3
ws7_fh3_var1,LSTM,3,7,1,3.7155862738371943,11.381143957937766,9.592793226242064,3
ws7_fh3_var3,LSTM,3,7,3,3.426561180127144,10.628467432110847,9.219289779663086,3
ws7_fh7_var1,LSTM,7,7,1,4.504361985686161,13.719762906223616,9.130932569503784,3
ws7_fh7_var3,LSTM,7,7,3,4.391686504146958,13.434385053362188,9.912370681762695,3
ws15_fh1_var1,LSTM,1,15,1,3.637098036882104,11.501127995448728,10.586954593658447,3
ws15_fh1_var3,LSTM,1,15,3,4.101962483913472,13.837058492946335,9.851035356521606,3
ws15_fh3_var1,LSTM,3,15,1,3.851548153910082,11.785330066937522,10.005274534225464,3
ws15_fh3_var3,LSTM,3,15,3,3.550061908250094,11.044163360537455,11.606854915618896,3
ws15_fh7_var1,LSTM,7,15,1,4.886804777326972,15.108456192860304,10.910418033599854,3
ws15_fh7_var3,LSTM,7,15,3,4.530400685218599,14.029319553560418,11.320263385772703,3
ws30_fh1_var1,LSTM,1,30,1,2.771851078920552,8.573969352085562,11.880921840667725,3
ws30_fh1_var3,LSTM,1,30,3,3.456313436025625,11.656146575514564,11.488016843795776,3
ws30_fh3_var1,LSTM,3,30,1,3.925702072217815,12.036785467450374,10.82779335975647,3
ws30_fh3_var3,LSTM,3,30,3,3.604944382245448,11.057865962691393,11.284921884536743,3
ws30_fh7_var1,LSTM,7,30,1,4.751008216410009,14.819051953051307,11.565945625305176,3
ws30_fh7_var3,LSTM,7,30,3,4.505278917774565,13.452499639867066,11.240650653839111,3
ws7_fh1_var1,LSTM,1,7,1,3.186650975881019,10.04828016610416,9.32126259803772,4
ws7_fh1_var3,LSTM,1,7,3,3.5900826961630594,12.38118420706839,8.99731707572937,4
ws7_fh3_var1,LSTM,3,7,1,3.627944324008359,11.140393379571188,9.824467420578005,4
ws7_fh3_var3,LSTM,3,7,3,3.29763533603296,10.27859512014885,9.408334255218506,4
ws7_fh7_var1,LSTM,7,7,1,4.51197187774165,13.750825654506697,9.41604495048523,4
ws7_fh7_var3,LSTM,7,7,3,4.308483515849496,13.030614202292044,10.438994646072388,4
ws15_fh1_var1,LSTM,1,15,1,3.862318813297669,12.048389433834458,9.802383184432983,4
ws15_fh1_var3,LSTM,1,15,3,3.7871195740997994,12.963234329087294,9.345330238342283,4
ws15_fh3_var1,LSTM,3,15,1,3.870209517810756,11.867880537750844,9.819244623184204,4
ws15_fh3_var3,LSTM,3,15,3,3.516953547685263,10.944135094445134,10.527512311935425,4
ws15_fh7_var1,LSTM,7,15,1,4.770007293461261,14.432547071624048,10.193645000457764,4
ws15_fh7_var3,LSTM,7,15,3,4.414184146992337,13.426493739243613,11.172248601913452,4
ws30_fh1_var1,LSTM,1,30,1,3.349057230012187,10.474428289588284,11.528356075286863,4
ws30_fh1_var3,LSTM,1,30,3,3.0839360843296624,10.196131360951858,11.025201320648192,4
ws30_fh3_var1,LSTM,3,30,1,3.71956061527781,11.446329595514182,11.734941482543944,4
ws30_fh3_var3,LSTM,3,30,3,3.4256073930249906,10.55256832090657,10.72831106185913,4
ws30_fh7_var1,LSTM,7,30,1,4.748129961381454,14.260028741006131,10.738776922225952,4
ws30_fh7_var3,LSTM,7,30,3,4.423260884961233,13.08680172469878,11.61386227607727,4
ws7_fh1_var1,LSTM,1,7,1,3.197382267280624,9.965243977152172,9.366254091262816,5
ws7_fh1_var3,LSTM,1,7,3,3.217546531937832,10.759111266064837,8.831918001174927,5
ws7_fh3_var1,LSTM,3,7,1,3.574835410578816,10.960615226120533,8.829330444335938,5
ws7_fh3_var3,LSTM,3,7,3,3.4331755906542765,10.593269774888975,8.775083780288696,5
ws7_fh7_var1,LSTM,7,7,1,4.528944123124317,13.786755442916135,9.254087448120115,5
ws7_fh7_var3,LSTM,7,7,3,4.318903199115486,13.026444952369523,10.58382248878479,5
ws15_fh1_var1,LSTM,1,15,1,3.6099354290531456,11.28703889363202,9.47634220123291,5
ws15_fh1_var3,LSTM,1,15,3,3.574884956309736,11.857942655490614,8.583045721054077,5
ws15_fh3_var1,LSTM,3,15,1,3.8312917166070273,11.713781994711631,9.717387914657593,5
ws15_fh3_var3,LSTM,3,15,3,3.4836673699504104,10.916118327063982,10.253854036331177,5
ws15_fh7_var1,LSTM,7,15,1,4.862409252603861,14.60670467218264,11.111660718917848,5
ws15_fh7_var3,LSTM,7,15,3,4.446965126425615,13.516653590420628,10.046289920806885,5
ws30_fh1_var1,LSTM,1,30,1,4.198972163369011,13.009358478425897,11.562799453735352,5
ws30_fh1_var3,LSTM,1,30,3,4.479033910896448,15.101710806485295,10.38062310218811,5
ws30_fh3_var1,LSTM,3,30,1,3.774474749646579,11.594796873763402,11.894211292266846,5
ws30_fh3_var3,LSTM,3,30,3,3.349957406555553,10.517164624408537,10.862728118896484,5
ws30_fh7_var1,LSTM,7,30,1,4.834311190187111,14.695133168851743,12.015313863754272,5
ws30_fh7_var3,LSTM,7,30,3,4.403183575603487,13.293863010565108,11.64613389968872,5
ws7_fh1_var1,LSTM,1,7,1,3.354095173549688,10.546073118493032,9.690165758132936,6
ws7_fh1_var3,LSTM,1,7,3,3.215844283695506,10.937949514099351,9.37675666809082,6
ws7_fh3_var1,LSTM,3,7,1,3.73267412384659,11.42374324759696,8.528591394424438,6
ws7_fh3_var3,LSTM,3,7,3,3.375060696984455,10.600925230567174,9.348554372787476,6
ws7_fh7_var1,LSTM,7,7,1,4.434940020846657,13.515047965905625,10.100105047225952,6
ws7_fh7_var3,LSTM,7,7,3,4.376659060825193,13.398370218509372,9.422289848327637,6
ws15_fh1_var1,LSTM,1,15,1,4.167870692461297,12.909174680692242,9.630473375320436,6
ws15_fh1_var3,LSTM,1,15,3,4.471411168196634,15.63893010926262,10.431938409805298,6
ws15_fh3_var1,LSTM,3,15,1,3.721047333483127,11.38858799315196,8.944411039352417,6
ws15_fh3_var3,LSTM,3,15,3,3.3558284296731804,10.419564076912769,9.850158929824827,6
ws15_fh7_var1,LSTM,7,15,1,4.995525628713908,15.804270048750212,10.542746782302856,6
ws15_fh7_var3,LSTM,7,15,3,4.513317734588452,13.476730906893378,11.935251712799072,6
ws30_fh1_var1,LSTM,1,30,1,3.5405260120808317,10.947310118354508,10.657617092132568,6
ws30_fh1_var3,LSTM,1,30,3,3.586603905325309,12.226147942975658,11.44819951057434,6
ws30_fh3_var1,LSTM,3,30,1,3.744063301898673,11.530610240049771,11.565680027008057,6
ws30_fh3_var3,LSTM,3,30,3,3.2717927936027933,10.234986868763782,10.699927568435667,6
ws30_fh7_var1,LSTM,7,30,1,4.729924483324254,14.570914899748503,10.441524267196655,6
ws30_fh7_var3,LSTM,7,30,3,4.514395605453854,13.280152840573736,11.447037935256958,6
ws7_fh1_var1,LSTM,1,7,1,3.861617120193346,12.255227732368096,9.80284833908081,7
ws7_fh1_var3,LSTM,1,7,3,2.9017976772277603,9.520096552063666,9.472949504852297,7
ws7_fh3_var1,LSTM,3,7,1,3.5780602579902627,10.97221700030676,8.555965423583984,7
ws7_fh3_var3,LSTM,3,7,3,3.424193808822101,10.807280569422964,9.48912262916565,7
ws7_fh7_var1,LSTM,7,7,1,4.531064395395465,13.8075191795085,10.92760419845581,7
ws7_fh7_var3,LSTM,7,7,3,4.353566220345086,13.237399436735313,9.545075178146362,7
ws15_fh1_var1,LSTM,1,15,1,3.636437080376313,11.473282374001068,20.18978762626648,7
ws15_fh1_var3,LSTM,1,15,3,2.617592601022765,8.374518277660028,10.615268230438232,7
ws15_fh3_var1,LSTM,3,15,1,3.801640264338384,11.605594987932728,9.951907396316528,7
ws15_fh3_var3,LSTM,3,15,3,3.444995637831313,10.74471271642206,11.764776945114136,7
ws15_fh7_var1,LSTM,7,15,1,4.759227046251684,14.28634238528803,10.386348009109495,7
ws15_fh7_var3,LSTM,7,15,3,4.556244150609965,13.789483986736698,10.46198558807373,7
ws30_fh1_var1,LSTM,1,30,1,2.6498165546353487,8.224082242481606,11.4675772190094,7
ws30_fh1_var3,LSTM,1,30,3,3.155580242650992,9.718674278923997,11.140007495880129,7
ws30_fh3_var1,LSTM,3,30,1,3.701269623450286,11.37851245483632,11.570340871810911,7
ws30_fh3_var3,LSTM,3,30,3,3.4249505769280164,10.425077661786633,11.272325992584229,7
ws30_fh7_var1,LSTM,7,30,1,4.609243128145546,13.96233221108357,12.336153030395508,7
ws30_fh7_var3,LSTM,7,30,3,4.49431664256446,13.433808946439164,12.77634072303772,7
ws7_fh1_var1,LSTM,1,7,1,3.48802873189371,10.824171646611564,10.48102331161499,8
ws7_fh1_var3,LSTM,1,7,3,3.02096442919594,10.19939283043492,10.8404278755188,8
ws7_fh3_var1,LSTM,3,7,1,3.600730005303748,11.038566121181663,11.172535419464111,8
ws7_fh3_var3,LSTM,3,7,3,3.448333764550334,10.943564918814936,10.881807088851929,8
ws7_fh7_var1,LSTM,7,7,1,4.555570906879609,13.889782321731309,10.382316827774048,8
ws7_fh7_var3,LSTM,7,7,3,4.40276306498115,13.404450876633792,11.356241941452026,8
ws15_fh1_var1,LSTM,1,15,1,3.12624680027075,9.72373151785743,12.205410957336426,8
ws15_fh1_var3,LSTM,1,15,3,5.654935116164778,20.41731154233382,11.202382802963257,8
ws15_fh3_var1,LSTM,3,15,1,3.539806083628168,10.848109708166248,11.053126573562622,8
ws15_fh3_var3,LSTM,3,15,3,3.272535638673132,10.006057395689204,12.281294345855711,8
ws15_fh7_var1,LSTM,7,15,1,4.726506427714622,14.389505132422023,11.200159549713137,8
ws15_fh7_var3,LSTM,7,15,3,4.525555772694398,13.559514229785336,12.19762921333313,8
ws30_fh1_var1,LSTM,1,30,1,3.413737311990247,10.632263921861004,12.266361951828005,8
ws30_fh1_var3,LSTM,1,30,3,2.9880882878904518,9.653316319929402,11.980457305908203,8
ws30_fh3_var1,LSTM,3,30,1,3.455278190985278,10.618384604714125,12.074798345565796,8
ws30_fh3_var3,LSTM,3,30,3,3.346712335361976,10.308964489370672,12.84649419784546,8
ws30_fh7_var1,LSTM,7,30,1,4.798740312409737,14.93918818457944,12.765535593032835,8
ws30_fh7_var3,LSTM,7,30,3,4.430056428544763,13.199058945960616,13.070353746414185,8
ws7_fh1_var1,LSTM,1,7,1,4.14248914534492,13.15120138791002,10.813323497772217,9
ws7_fh1_var3,LSTM,1,7,3,3.948051553734037,13.663430308070698,10.482545614242554,9
ws7_fh3_var1,LSTM,3,7,1,3.550700276669378,10.884093907683798,10.895742177963257,9
ws7_fh3_var3,LSTM,3,7,3,3.4650757739782225,10.975411353138208,11.505420207977297,9
ws7_fh7_var1,LSTM,7,7,1,4.505514570781052,13.724534088093945,10.110082626342772,9
ws7_fh7_var3,LSTM,7,7,3,4.311966583191902,13.079305572553864,10.912009954452516,9
ws15_fh1_var1,LSTM,1,15,1,2.9715204536525777,9.359438228591266,11.184278964996338,9
ws15_fh1_var3,LSTM,1,15,3,3.723983717356753,12.52406718265744,11.154911994934082,9
ws15_fh3_var1,LSTM,3,15,1,3.8682075675088328,11.833463049065877,11.992861986160278,9
ws15_fh3_var3,LSTM,3,15,3,3.635709044106551,11.12456627679931,10.942542552947998,9
ws15_fh7_var1,LSTM,7,15,1,4.792958975062433,14.49671056046082,11.351603269577026,9
ws15_fh7_var3,LSTM,7,15,3,4.486863005421187,13.676945187965533,10.09285283088684,9
ws30_fh1_var1,LSTM,1,30,1,2.6618313229863912,8.317545892529933,11.528980255126951,9
ws30_fh1_var3,LSTM,1,30,3,3.332524181127169,10.913880927947485,12.183076620101929,9
ws30_fh3_var1,LSTM,3,30,1,3.803030264244287,11.670439376552572,12.263603925704956,9
ws30_fh3_var3,LSTM,3,30,3,3.5957836604606155,11.061481024579503,12.85816478729248,9
ws30_fh7_var1,LSTM,7,30,1,4.721946894230416,14.385509208424349,11.750308513641356,9
ws30_fh7_var3,LSTM,7,30,3,4.36751406805197,13.034706375096338,11.122870922088625,9
ws7_fh1_var1,LSTM,1,7,1,3.45968283433356,10.827186289640782,9.324755668640137,10
ws7_fh1_var3,LSTM,1,7,3,5.313856982391414,19.01154176873068,8.547675371170044,10
ws7_fh3_var1,LSTM,3,7,1,3.42784634884931,10.510209217885397,9.283265113830566,10
ws7_fh3_var3,LSTM,3,7,3,3.294018281032814,10.249589763310675,10.444442510604858,10
ws7_fh7_var1,LSTM,7,7,1,4.513986350368362,13.767168192329022,9.746580600738524,10
ws7_fh7_var3,LSTM,7,7,3,4.426245621031934,13.531079641268173,9.414278745651243,10
ws15_fh1_var1,LSTM,1,15,1,3.807588698075576,12.028875159472236,9.724849462509155,10
ws15_fh1_var3,LSTM,1,15,3,2.791877982200756,9.287410847648172,9.191088438034058,10
ws15_fh3_var1,LSTM,3,15,1,3.7709790596288,11.530350057545853,10.32617449760437,10
ws15_fh3_var3,LSTM,3,15,3,3.599008566937533,11.149928917396409,9.517029047012327,10
ws15_fh7_var1,LSTM,7,15,1,4.686447957644712,14.229304317663152,9.881767749786375,10
ws15_fh7_var3,LSTM,7,15,3,4.727033435134465,14.638313197879103,10.357577323913574,10
ws30_fh1_var1,LSTM,1,30,1,3.838797640629982,11.83423685322984,10.79547667503357,10
ws30_fh1_var3,LSTM,1,30,3,3.695428809639844,12.663884853837274,10.572305917739868,10
ws30_fh3_var1,LSTM,3,30,1,3.922790478703968,12.053081229970552,11.085609912872314,10
ws30_fh3_var3,LSTM,3,30,3,3.478342369461189,10.985580007604636,11.983973503112791,10
ws30_fh7_var1,LSTM,7,30,1,4.656097667470156,14.348285110107524,10.880152702331545,10
ws30_fh7_var3,LSTM,7,30,3,4.995691824741407,14.541919063174973,11.157836198806764,10
ws7_fh1_var1,LSTM,1,7,1,3.2254607532095503,10.149248045259556,11.42585587501526,11
ws7_fh1_var3,LSTM,1,7,3,3.0869506077822453,10.281908515074218,9.728937149047852,11
ws7_fh3_var1,LSTM,3,7,1,3.413523088790876,10.45239541183936,9.767723798751833,11
ws7_fh3_var3,LSTM,3,7,3,3.394602334611164,10.793478093803625,8.697891473770142,11
ws7_fh7_var1,LSTM,7,7,1,4.529303350714302,13.788058381476528,9.475265264511108,11
ws7_fh7_var3,LSTM,7,7,3,4.320832817972367,13.035423121937455,10.1120867729187,11
ws15_fh1_var1,LSTM,1,15,1,3.689550541905819,11.58132282841967,9.863760709762571,11
ws15_fh1_var3,LSTM,1,15,3,5.532110839775163,19.579107760799985,10.824145317077637,11
ws15_fh3_var1,LSTM,3,15,1,3.8105480319429046,11.648607118394551,10.18234634399414,11
ws15_fh3_var3,LSTM,3,15,3,3.4127406716864965,10.725071667336216,10.24757480621338,11
ws15_fh7_var1,LSTM,7,15,1,4.765511813356421,14.373496380198144,11.317671060562134,11
ws15_fh7_var3,LSTM,7,15,3,4.439928990852141,13.35437328624208,10.745556831359863,11
ws30_fh1_var1,LSTM,1,30,1,3.485911329791469,10.891548823877512,10.115877866744995,11
ws30_fh1_var3,LSTM,1,30,3,4.488006122400956,15.936804780449856,10.44234848022461,11
ws30_fh3_var1,LSTM,3,30,1,3.732767731795896,11.456956675489868,10.638870477676392,11
ws30_fh3_var3,LSTM,3,30,3,3.405765137017301,10.550426796328368,10.222278118133543,11
ws30_fh7_var1,LSTM,7,30,1,4.746647512340791,14.408375922161126,11.538856029510498,11
ws30_fh7_var3,LSTM,7,30,3,4.686797749110968,13.673457909138806,11.191821336746216,11
ws7_fh1_var1,LSTM,1,7,1,3.3462256535360453,10.627076297583669,9.34052062034607,12
ws7_fh1_var3,LSTM,1,7,3,3.908743295390325,13.676192298842745,9.39286994934082,12
ws7_fh3_var1,LSTM,3,7,1,3.5260851243784788,10.813175952245548,9.10724139213562,12
ws7_fh3_var3,LSTM,3,7,3,3.3311829662637504,10.41630882511464,8.60872220993042,12
ws7_fh7_var1,LSTM,7,7,1,4.544383551380113,13.854206197548836,9.527522087097168,12
ws7_fh7_var3,LSTM,7,7,3,4.337746424771499,13.207494731254709,9.486716032028198,12
ws15_fh1_var1,LSTM,1,15,1,3.0359546056198923,9.41498409465308,9.3284912109375,12
ws15_fh1_var3,LSTM,1,15,3,3.0896221539986453,10.0622511407958,9.961394548416138,12
ws15_fh3_var1,LSTM,3,15,1,4.049941115120159,12.37274348822562,9.703129529953005,12
ws15_fh3_var3,LSTM,3,15,3,3.164927069408658,9.78313902629504,9.7593994140625,12
ws15_fh7_var1,LSTM,7,15,1,4.67355867054507,14.2144260262354,10.282557725906372,12
ws15_fh7_var3,LSTM,7,15,3,4.465154695881784,13.515277410502888,9.7598135471344,12
ws30_fh1_var1,LSTM,1,30,1,3.3678415166063043,10.285927580940465,10.530062675476074,12
ws30_fh1_var3,LSTM,1,30,3,5.857496646516901,20.852078805729995,10.640833616256714,12
ws30_fh3_var1,LSTM,3,30,1,3.5832874216768595,10.966162901212162,11.514387369155884,12
ws30_fh3_var3,LSTM,3,30,3,3.361894956924137,10.333036024663826,12.36908745765686,12
ws30_fh7_var1,LSTM,7,30,1,4.723437891168117,14.175219886531258,12.323659181594849,12
ws30_fh7_var3,LSTM,7,30,3,4.403153922812458,13.504362980119913,10.777767419815063,12
ws7_fh1_var1,LSTM,1,7,1,3.155593691739547,9.927272329247232,9.57253384590149,13
ws7_fh1_var3,LSTM,1,7,3,2.806563705025003,9.243739758268504,9.702461004257202,13
ws7_fh3_var1,LSTM,3,7,1,3.586548603954114,11.0154756031784,9.098892450332642,13
ws7_fh3_var3,LSTM,3,7,3,3.3769433205205117,10.656509464862712,8.280392169952393,13
ws7_fh7_var1,LSTM,7,7,1,4.530222914652771,13.811464759935577,9.598795175552368,13
ws7_fh7_var3,LSTM,7,7,3,4.388626462020976,13.36219957683205,9.994175434112549,13
ws15_fh1_var1,LSTM,1,15,1,3.5821190952638613,11.068862070756326,10.395305395126345,13
ws15_fh1_var3,LSTM,1,15,3,3.987801491991565,13.680285806945038,9.895723819732666,13
ws15_fh3_var1,LSTM,3,15,1,3.934370691242555,12.013726742487984,9.746367692947388,13
ws15_fh3_var3,LSTM,3,15,3,3.533095767521675,11.241899413622802,10.831552743911743,13
ws15_fh7_var1,LSTM,7,15,1,4.799110595893542,14.568983964688206,10.128131866455078,13
ws15_fh7_var3,LSTM,7,15,3,4.557386151015977,13.73001220149541,12.546202898025513,13
ws30_fh1_var1,LSTM,1,30,1,3.1194040014731663,9.72686782517856,11.270946502685549,13
ws30_fh1_var3,LSTM,1,30,3,4.036046970018693,13.192243637203736,11.327648639678957,13
ws30_fh3_var1,LSTM,3,30,1,3.7328522779970505,11.440242155115577,12.073289155960085,13
ws30_fh3_var3,LSTM,3,30,3,3.113218476645016,9.662264175973226,11.19607663154602,13
ws30_fh7_var1,LSTM,7,30,1,4.718931624290903,14.55619222021257,10.752153396606444,13
ws30_fh7_var3,LSTM,7,30,3,4.460771051929747,13.35306688163295,11.345861434936523,13
ws7_fh1_var1,LSTM,1,7,1,2.944465178236994,9.137188723933786,9.032614946365356,14
ws7_fh1_var3,LSTM,1,7,3,3.8563978498691456,13.360872529023856,9.501272439956663,14
ws7_fh3_var1,LSTM,3,7,1,3.5528815093540302,10.891447545116277,9.34074091911316,14
ws7_fh3_var3,LSTM,3,7,3,3.202745668418107,10.001803732034537,9.574104309082031,14
ws7_fh7_var1,LSTM,7,7,1,4.512627947117066,13.748703620950383,9.533163070678713,14
ws7_fh7_var3,LSTM,7,7,3,4.361518558176381,13.260894497373538,8.262945652008057,14
ws15_fh1_var1,LSTM,1,15,1,3.692793685258044,11.647561180117362,9.079067945480348,14
ws15_fh1_var3,LSTM,1,15,3,3.5699880413598315,12.08939150689316,10.187919855117798,14
ws15_fh3_var1,LSTM,3,15,1,4.033455294305283,12.331277864553575,9.493309020996094,14
ws15_fh3_var3,LSTM,3,15,3,3.789432195666032,11.9679581697189,10.316243648529053,14
ws15_fh7_var1,LSTM,7,15,1,4.839759983376347,14.65968954509354,12.082892656326294,14
ws15_fh7_var3,LSTM,7,15,3,4.518450936320349,13.798746777127436,10.80023741722107,14
ws30_fh1_var1,LSTM,1,30,1,3.458908358557561,10.629397013367118,11.239264249801636,14
ws30_fh1_var3,LSTM,1,30,3,3.238376925336853,10.97051119368653,10.550424575805664,14
ws30_fh3_var1,LSTM,3,30,1,3.660163839309873,11.227258987136416,11.736635446548462,14
ws30_fh3_var3,LSTM,3,30,3,3.038662739876533,9.460029860213254,11.755384922027588,14
ws30_fh7_var1,LSTM,7,30,1,4.692188989077266,14.145574714735634,11.035589456558228,14
ws30_fh7_var3,LSTM,7,30,3,4.525607234496108,13.305996120594244,11.679489374160768,14
ws7_fh1_var1,LSTM,1,7,1,3.375059688527598,10.586528943213182,8.94553804397583,15
ws7_fh1_var3,LSTM,1,7,3,3.4932475774299068,11.73969165278968,8.390411138534546,15
ws7_fh3_var1,LSTM,3,7,1,3.536356364459814,10.850657462911569,9.422346115112305,15
ws7_fh3_var3,LSTM,3,7,3,3.244023592047065,10.200557157595714,9.696043968200684,15
ws7_fh7_var1,LSTM,7,7,1,4.47961897731498,13.646621592972885,9.586715459823608,15
ws7_fh7_var3,LSTM,7,7,3,4.346704097871628,13.288144546550296,8.964582443237305,15
ws15_fh1_var1,LSTM,1,15,1,4.241604355898454,13.204168056380608,8.210765600204468,15
ws15_fh1_var3,LSTM,1,15,3,4.222746637241226,13.969949495604569,9.615278720855711,15
ws15_fh3_var1,LSTM,3,15,1,3.8217172832009423,11.680052211880636,9.595541715621948,15
ws15_fh3_var3,LSTM,3,15,3,3.338538968160605,10.303582519669998,10.058600664138794,15
ws15_fh7_var1,LSTM,7,15,1,4.760167650960492,14.46890366694441,10.52997374534607,15
ws15_fh7_var3,LSTM,7,15,3,4.580435330444187,13.570675077237505,12.437810897827148,15
ws30_fh1_var1,LSTM,1,30,1,3.3211302335805093,10.349558703589338,11.502487421035768,15
ws30_fh1_var3,LSTM,1,30,3,3.9515009797412697,13.589110272752864,11.53783392906189,15
ws30_fh3_var1,LSTM,3,30,1,3.580856535391629,11.0175174939093,11.44538640975952,15
ws30_fh3_var3,LSTM,3,30,3,3.4261388079333224,10.802786799823112,10.84776496887207,15
ws30_fh7_var1,LSTM,7,30,1,4.692134365526865,14.148486810566268,10.799269199371338,15
ws30_fh7_var3,LSTM,7,30,3,4.511493647423634,13.442633574891838,10.91340708732605,15
ws7_fh1_var1,LSTM,1,7,1,3.474698352462912,10.787986136324088,9.43174648284912,16
ws7_fh1_var3,LSTM,1,7,3,2.702392377200104,8.90219549657444,8.844249725341797,16
ws7_fh3_var1,LSTM,3,7,1,3.6173782632662776,11.075099713100457,9.201783657073976,16
ws7_fh3_var3,LSTM,3,7,3,3.2825074724372048,10.233485415698686,9.492498397827148,16
ws7_fh7_var1,LSTM,7,7,1,4.497474743906069,13.694614225551277,9.544267416000366,16
ws7_fh7_var3,LSTM,7,7,3,4.369054790667364,13.272787946014114,9.118118524551392,16
ws15_fh1_var1,LSTM,1,15,1,3.628651443958829,11.476646283453912,8.567544937133789,16
ws15_fh1_var3,LSTM,1,15,3,3.2232465627966485,10.424353342984393,10.138734817504885,16
ws15_fh3_var1,LSTM,3,15,1,3.708215609636684,11.364328452681562,10.84746766090393,16
ws15_fh3_var3,LSTM,3,15,3,3.638657370728352,11.469516168231356,9.93286108970642,16
ws15_fh7_var1,LSTM,7,15,1,4.808705417425391,14.416937399151678,10.708302736282349,16
ws15_fh7_var3,LSTM,7,15,3,4.441120735176153,13.415325989731269,10.066628694534302,16
ws30_fh1_var1,LSTM,1,30,1,3.3480091387453395,10.297721520307196,12.342271327972412,16
ws30_fh1_var3,LSTM,1,30,3,3.100337227509726,10.438991838678865,10.427698612213137,16
ws30_fh3_var1,LSTM,3,30,1,3.7752663101254704,11.574745518078656,11.219398736953735,16
ws30_fh3_var3,LSTM,3,30,3,3.063749756639728,9.549494916473073,13.305371522903442,16
ws30_fh7_var1,LSTM,7,30,1,4.802012752542178,14.656792233038008,11.611221075057983,16
ws30_fh7_var3,LSTM,7,30,3,4.403064655701944,13.333556877103357,11.316230297088625,16
ws7_fh1_var1,LSTM,1,7,1,3.8140976434208302,12.05907436149239,9.771231889724731,17
ws7_fh1_var3,LSTM,1,7,3,3.8269859347232726,13.363378589195303,10.1859233379364,17
ws7_fh3_var1,LSTM,3,7,1,3.63519149151818,11.13993273995365,8.772454261779785,17
ws7_fh3_var3,LSTM,3,7,3,3.3776934654784667,10.574545968061438,9.415074348449709,17
ws7_fh7_var1,LSTM,7,7,1,4.557143745633324,13.884590778672624,9.813441276550291,17
ws7_fh7_var3,LSTM,7,7,3,4.359926893497288,13.171606966289325,9.870944023132324,17
ws15_fh1_var1,LSTM,1,15,1,2.825221104423129,8.710050285765826,9.746636152267456,17
ws15_fh1_var3,LSTM,1,15,3,3.2929527331382444,10.748373562677696,9.687880039215088,17
ws15_fh3_var1,LSTM,3,15,1,3.8918893800928656,11.903096832474414,8.815726041793823,17
ws15_fh3_var3,LSTM,3,15,3,3.506729440371673,11.174193258961044,9.99619483947754,17
ws15_fh7_var1,LSTM,7,15,1,4.73798687788723,14.385198213801225,9.999744653701782,17
ws15_fh7_var3,LSTM,7,15,3,4.524836278928436,13.52202149995126,10.88921570777893,17
ws30_fh1_var1,LSTM,1,30,1,3.4823365534319994,10.834551821383627,10.629764318466188,17
ws30_fh1_var3,LSTM,1,30,3,5.002985357709956,17.102097682101533,11.386667013168337,17
ws30_fh3_var1,LSTM,3,30,1,3.2606793994337964,10.005504074219738,11.201992273330688,17
ws30_fh3_var3,LSTM,3,30,3,3.488636821265937,10.913244740642032,10.593327760696411,17
ws30_fh7_var1,LSTM,7,30,1,4.710690940694269,14.46146948898918,10.312522172927856,17
ws30_fh7_var3,LSTM,7,30,3,4.489589299241323,13.374401229154731,10.900989770889282,17
ws7_fh1_var1,LSTM,1,7,1,3.2576996718231266,10.09903785353755,9.326163291931152,18
ws7_fh1_var3,LSTM,1,7,3,3.783741656986289,12.55447002659634,8.28948426246643,18
ws7_fh3_var1,LSTM,3,7,1,3.437266367648601,10.543172829718849,9.646213054656982,18
ws7_fh3_var3,LSTM,3,7,3,3.29608139108816,10.34430607105852,9.122194290161133,18
ws7_fh7_var1,LSTM,7,7,1,4.484508246349157,13.662305943321073,12.512945652008057,18
ws7_fh7_var3,LSTM,7,7,3,4.406234610622329,13.538367064386216,10.498478412628174,18
ws15_fh1_var1,LSTM,1,15,1,3.777462688229137,11.690646447218258,10.185746669769289,18
ws15_fh1_var3,LSTM,1,15,3,3.1959374387419057,10.332004372938949,9.996926307678224,18
ws15_fh3_var1,LSTM,3,15,1,3.962868070768992,12.133491793301811,10.124825477600098,18
ws15_fh3_var3,LSTM,3,15,3,3.297931564495713,10.231174671953278,9.28682541847229,18
ws15_fh7_var1,LSTM,7,15,1,4.881509199576252,15.289060221011804,10.701358795166016,18
ws15_fh7_var3,LSTM,7,15,3,5.128402491317621,15.089028722225976,10.386333227157593,18
ws30_fh1_var1,LSTM,1,30,1,3.147369292715265,9.639548516777523,11.062962532043455,18
ws30_fh1_var3,LSTM,1,30,3,2.893668618532738,9.153791274843307,11.36732792854309,18
ws30_fh3_var1,LSTM,3,30,1,3.798705398508395,11.670208200227112,11.562974691390991,18
ws30_fh3_var3,LSTM,3,30,3,3.646126446813112,11.20122092682901,11.901188135147097,18
ws30_fh7_var1,LSTM,7,30,1,4.727612988896236,14.306056163521696,11.415438413619995,18
ws30_fh7_var3,LSTM,7,30,3,4.429489636754193,13.33226842953,10.926819086074827,18
ws7_fh1_var1,LSTM,1,7,1,3.275249226733295,10.263382064527502,9.333749055862429,19
ws7_fh1_var3,LSTM,1,7,3,3.536154611853925,12.064614024033482,9.176656246185305,19
ws7_fh3_var1,LSTM,3,7,1,3.5694541882826063,10.946143904675663,9.273449182510376,19
ws7_fh3_var3,LSTM,3,7,3,3.465300443785013,10.935331503576275,9.246259450912476,19
ws7_fh7_var1,LSTM,7,7,1,4.502754514324648,13.719346255505943,8.642483711242676,19
ws7_fh7_var3,LSTM,7,7,3,4.327520655390425,13.144987168066695,9.04418921470642,19
ws15_fh1_var1,LSTM,1,15,1,3.3410731572424366,10.272753622839204,9.751211881637571,19
ws15_fh1_var3,LSTM,1,15,3,3.2276348022179198,10.742239157133929,9.791020154953005,19
ws15_fh3_var1,LSTM,3,15,1,3.784993174563741,11.584263363371448,10.384148120880129,19
ws15_fh3_var3,LSTM,3,15,3,3.2523163795270125,10.06840806438335,9.899701118469238,19
ws15_fh7_var1,LSTM,7,15,1,4.77971859979759,14.47441781654392,9.955597400665283,19
ws15_fh7_var3,LSTM,7,15,3,4.540037881389465,13.69082806574312,10.75105094909668,19
ws30_fh1_var1,LSTM,1,30,1,3.255358492136239,10.117030896213317,10.262394189834597,19
ws30_fh1_var3,LSTM,1,30,3,4.264524857461408,13.789412491158185,10.345802307128906,19
ws30_fh3_var1,LSTM,3,30,1,3.807186069412901,11.711830484353598,10.97214698791504,19
ws30_fh3_var3,LSTM,3,30,3,3.3462603245037226,10.2162496467883,13.1799635887146,19
ws30_fh7_var1,LSTM,7,30,1,4.795377053035049,14.87704745284016,11.375633239746094,19
ws30_fh7_var3,LSTM,7,30,3,4.456792476978483,13.179064279253582,11.005830764770508,19
ws7_fh1_var1,LSTM,1,7,1,3.575974367534358,11.204331393733668,9.368903398513794,20
ws7_fh1_var3,LSTM,1,7,3,3.891143333919036,12.883625543917413,9.555803298950195,20
ws7_fh3_var1,LSTM,3,7,1,3.608497086095122,11.055732532451264,8.874234676361084,20
ws7_fh3_var3,LSTM,3,7,3,3.369434897014647,10.631417587912717,8.637325048446655,20
ws7_fh7_var1,LSTM,7,7,1,4.52013435522294,13.761337051956346,9.719770908355711,20
ws7_fh7_var3,LSTM,7,7,3,4.308984642155471,13.11325034389023,10.193721532821655,20
ws15_fh1_var1,LSTM,1,15,1,3.483757951688146,10.888094492049508,9.828083515167236,20
ws15_fh1_var3,LSTM,1,15,3,3.7934133815133193,13.11250491631924,9.852308988571169,20
ws15_fh3_var1,LSTM,3,15,1,3.706227293804969,11.327514311214468,9.596059322357178,20
ws15_fh3_var3,LSTM,3,15,3,3.523672632110876,11.045504007810282,9.624496221542358,20
ws15_fh7_var1,LSTM,7,15,1,4.787627757323846,14.5973763537636,9.758665084838867,20
ws15_fh7_var3,LSTM,7,15,3,4.776734936142635,14.990589043211768,10.040027856826782,20
ws30_fh1_var1,LSTM,1,30,1,3.462814324276581,10.921044681949368,11.348069667816162,20
ws30_fh1_var3,LSTM,1,30,3,4.198161880832432,13.975950106080184,11.250172138214111,20
ws30_fh3_var1,LSTM,3,30,1,3.678544346792736,11.294709550627209,11.429975271224976,20
ws30_fh3_var3,LSTM,3,30,3,3.702155327473305,11.155820014046734,10.125664949417114,20
ws30_fh7_var1,LSTM,7,30,1,4.597393689673533,14.05166995785918,11.196755647659302,20
ws30_fh7_var3,LSTM,7,30,3,4.47887209034912,13.197789486453468,10.619737148284912,20
ws7_fh1_var1,LSTM,1,7,1,3.303876628240696,10.325087857997788,9.088316202163696,21
ws7_fh1_var3,LSTM,1,7,3,3.75952785313534,13.028196459752964,9.78833818435669,21
ws7_fh3_var1,LSTM,3,7,1,3.608154395135162,11.068303221739688,8.593451261520386,21
ws7_fh3_var3,LSTM,3,7,3,3.4294919606999037,10.906986251458097,8.94193172454834,21
ws7_fh7_var1,LSTM,7,7,1,4.4750622220846665,13.63300384815441,9.733013153076172,21
ws7_fh7_var3,LSTM,7,7,3,4.309465641577275,13.078075652391192,9.733179092407228,21
ws15_fh1_var1,LSTM,1,15,1,3.314162179229985,10.244376271393476,9.368756532669067,21
ws15_fh1_var3,LSTM,1,15,3,3.130945358398599,10.328651157853272,9.130813598632812,21
ws15_fh3_var1,LSTM,3,15,1,3.889054148382068,11.87917023782908,9.825856924057009,21
ws15_fh3_var3,LSTM,3,15,3,3.45724949160141,10.67901948787587,9.793261289596558,21
ws15_fh7_var1,LSTM,7,15,1,5.006223867243357,15.945959427783423,10.212430238723757,21
ws15_fh7_var3,LSTM,7,15,3,4.318093285364736,13.024362556173616,9.861742973327637,21
ws30_fh1_var1,LSTM,1,30,1,3.4549365349825623,10.863530305593644,16.97018551826477,21
ws30_fh1_var3,LSTM,1,30,3,2.295042144709204,7.187030664948624,11.62309718132019,21
ws30_fh3_var1,LSTM,3,30,1,3.631156947999777,11.189956360390632,10.488163471221924,21
ws30_fh3_var3,LSTM,3,30,3,3.2835815510646444,10.10859944103653,11.434685707092283,21
ws30_fh7_var1,LSTM,7,30,1,4.749208318116867,14.228379214683166,11.60051202774048,21
ws30_fh7_var3,LSTM,7,30,3,4.78432955560937,15.54398626930697,11.908207654953005,21
ws7_fh1_var1,LSTM,1,7,1,3.719298481597767,11.829733626745984,10.07819676399231,22
ws7_fh1_var3,LSTM,1,7,3,3.4197942787310183,11.53524873361918,9.835292100906372,22
ws7_fh3_var1,LSTM,3,7,1,3.5602486162669487,10.91768001601648,9.761433124542236,22
ws7_fh3_var3,LSTM,3,7,3,3.3393521123270773,10.51582563124468,9.291198492050173,22
ws7_fh7_var1,LSTM,7,7,1,4.473010769279227,13.629027527000844,9.5354323387146,22
ws7_fh7_var3,LSTM,7,7,3,4.390415738869484,13.322708188365418,8.834622383117676,22
ws15_fh1_var1,LSTM,1,15,1,3.647347101515346,11.520375139573677,9.029721975326538,22
ws15_fh1_var3,LSTM,1,15,3,3.868487619498159,13.186604970591455,10.947942972183228,22
ws15_fh3_var1,LSTM,3,15,1,3.771037884956741,11.548212596098333,9.948057174682615,22
ws15_fh3_var3,LSTM,3,15,3,3.231270560936849,10.01166709243994,10.23023796081543,22
ws15_fh7_var1,LSTM,7,15,1,4.8630275071901785,14.73612399010961,10.808130025863647,22
ws15_fh7_var3,LSTM,7,15,3,4.377602402659415,13.249897620802676,10.63012409210205,22
ws30_fh1_var1,LSTM,1,30,1,3.359905191296477,10.59618123352042,11.230943441390991,22
ws30_fh1_var3,LSTM,1,30,3,2.98615778730975,9.961104502861698,11.435675144195557,22
ws30_fh3_var1,LSTM,3,30,1,4.177700404765456,12.809955452854632,10.9474675655365,22
ws30_fh3_var3,LSTM,3,30,3,3.526416238558979,11.034266416938562,11.280783891677856,22
ws30_fh7_var1,LSTM,7,30,1,4.6756978250452494,14.321190337634356,10.646215438842772,22
ws30_fh7_var3,LSTM,7,30,3,4.578622699404685,13.516064132407916,11.332937479019163,22
ws7_fh1_var1,LSTM,1,7,1,3.449454351240499,10.974270904384602,8.79832935333252,23
ws7_fh1_var3,LSTM,1,7,3,4.718532651476549,15.89632598526115,8.955308198928833,23
ws7_fh3_var1,LSTM,3,7,1,3.6080431992667674,11.052823700228332,9.239235639572144,23
ws7_fh3_var3,LSTM,3,7,3,3.2832340440082657,10.330534702861858,9.344883918762209,23
ws7_fh7_var1,LSTM,7,7,1,4.552479033160157,13.876364007485751,9.604252815246582,23
ws7_fh7_var3,LSTM,7,7,3,4.308976097999549,13.122285653724438,9.146823167800903,23
ws15_fh1_var1,LSTM,1,15,1,3.691971046628332,11.539233107151604,10.097638607025146,23
ws15_fh1_var3,LSTM,1,15,3,4.269727543726229,14.93985851076573,9.53451442718506,23
ws15_fh3_var1,LSTM,3,15,1,3.795388565649144,11.619897412546228,9.968283891677856,23
ws15_fh3_var3,LSTM,3,15,3,3.561286023876136,11.281559322496769,9.808109045028688,23
ws15_fh7_var1,LSTM,7,15,1,4.816180490157216,14.591175630321718,10.179712057113647,23
ws15_fh7_var3,LSTM,7,15,3,4.448587498006027,13.387618187263516,11.12103509902954,23
ws30_fh1_var1,LSTM,1,30,1,4.623288032702747,14.415467694980192,10.87628936767578,23
ws30_fh1_var3,LSTM,1,30,3,4.032303539782182,12.789240431229864,11.05942177772522,23
ws30_fh3_var1,LSTM,3,30,1,3.908970655117847,12.024777518195211,9.606303453445436,23
ws30_fh3_var3,LSTM,3,30,3,3.5842657614374067,11.234930443285428,14.473244428634644,23
ws30_fh7_var1,LSTM,7,30,1,4.588553675612936,14.002370137730551,11.739944458007812,23
ws30_fh7_var3,LSTM,7,30,3,4.5496261371253945,13.632952090110672,12.290515661239624,23
ws7_fh1_var1,LSTM,1,7,1,4.035884597798237,13.157841881065847,10.176937103271484,24
ws7_fh1_var3,LSTM,1,7,3,3.1948564436697358,10.804268505628604,9.159669160842896,24
ws7_fh3_var1,LSTM,3,7,1,3.5392287688702275,10.86492059505432,8.817434787750244,24
ws7_fh3_var3,LSTM,3,7,3,3.3896964735074144,10.663280410134728,9.49980878829956,24
ws7_fh7_var1,LSTM,7,7,1,4.51114054428493,13.750089772048607,10.164826154708862,24
ws7_fh7_var3,LSTM,7,7,3,4.361181925223243,13.16177001157241,10.668071746826172,24
ws15_fh1_var1,LSTM,1,15,1,3.6112904891504174,11.434654373357612,9.697951078414915,24
ws15_fh1_var3,LSTM,1,15,3,4.02574957676685,13.762404876761162,9.968461275100708,24
ws15_fh3_var1,LSTM,3,15,1,3.8681321709426775,11.863222219902235,9.534940719604492,24
ws15_fh3_var3,LSTM,3,15,3,3.642296271343189,11.560178043341732,9.387497186660768,24
ws15_fh7_var1,LSTM,7,15,1,4.984817473082158,15.88509889058585,10.783571243286133,24
ws15_fh7_var3,LSTM,7,15,3,4.450900200773032,13.350877418394102,10.015878438949583,24
ws30_fh1_var1,LSTM,1,30,1,2.913706154484595,9.018688114868418,10.706488609313965,24
ws30_fh1_var3,LSTM,1,30,3,3.948465226911556,13.489026064101925,11.263766050338743,24
ws30_fh3_var1,LSTM,3,30,1,3.762972335432171,11.547589948786117,10.761396646499634,24
ws30_fh3_var3,LSTM,3,30,3,3.476167829060451,10.827819989330196,11.333142518997192,24
ws30_fh7_var1,LSTM,7,30,1,4.682171845667561,14.145165857375,11.731086015701294,24
ws30_fh7_var3,LSTM,7,30,3,4.330113540366571,13.0816404806409,11.33446764945984,24
ws7_fh1_var1,LSTM,1,7,1,3.5964590075359526,11.14447736451991,9.140894889831545,25
ws7_fh1_var3,LSTM,1,7,3,3.373349037368079,11.438546624443587,9.603066205978394,25
ws7_fh3_var1,LSTM,3,7,1,3.6811402659273136,11.26931893443549,8.348159551620483,25
ws7_fh3_var3,LSTM,3,7,3,3.512903678277558,11.025751115286452,9.084148645401,25
ws7_fh7_var1,LSTM,7,7,1,4.455879144047681,13.576119390151876,10.26171875,25
ws7_fh7_var3,LSTM,7,7,3,4.367131573183926,13.373271051042778,9.35739016532898,25
ws15_fh1_var1,LSTM,1,15,1,3.680617945032871,11.521453742999912,9.377946615219116,25
ws15_fh1_var3,LSTM,1,15,3,4.029323297000071,13.933851769932904,8.879788637161255,25
ws15_fh3_var1,LSTM,3,15,1,3.98633952334534,12.156651365340531,9.2651469707489,25
ws15_fh3_var3,LSTM,3,15,3,3.4723849985904307,10.813090498535102,9.380951166152954,25
ws15_fh7_var1,LSTM,7,15,1,4.744771507634833,14.330156239436768,10.441822052001951,25
ws15_fh7_var3,LSTM,7,15,3,4.3932756253928105,13.294052305758134,10.496792316436768,25
ws30_fh1_var1,LSTM,1,30,1,3.2478448245482525,10.016132458519136,10.936636209487917,25
ws30_fh1_var3,LSTM,1,30,3,3.227089630487839,10.756744102807684,10.416521549224854,25
ws30_fh3_var1,LSTM,3,30,1,3.6034577984018896,11.091403181182285,10.675452709197998,25
ws30_fh3_var3,LSTM,3,30,3,3.280376516545368,10.09088262200133,10.304421186447144,25
ws30_fh7_var1,LSTM,7,30,1,4.669090133288158,14.367523307340036,10.49336862564087,25
ws30_fh7_var3,LSTM,7,30,3,4.424264931523451,13.22076307882169,10.750128269195557,25
ws7_fh1_var1,LSTM,1,7,1,4.289608420564572,13.743216751536668,8.685733795166016,26
ws7_fh1_var3,LSTM,1,7,3,5.44946171959744,19.56454239702092,8.921274662017822,26
ws7_fh3_var1,LSTM,3,7,1,3.555558617912937,10.898637273700809,9.055701971054075,26
ws7_fh3_var3,LSTM,3,7,3,3.355677324934509,10.506346138937744,9.173223733901978,26
ws7_fh7_var1,LSTM,7,7,1,4.50444642530824,13.720911041014928,8.77137541770935,26
ws7_fh7_var3,LSTM,7,7,3,4.41613348314259,13.338245264006956,13.75876235961914,26
ws15_fh1_var1,LSTM,1,15,1,3.9957818340808022,12.621556366417233,8.985326528549194,26
ws15_fh1_var3,LSTM,1,15,3,4.373719843466808,15.46000720604984,9.843388557434082,26
ws15_fh3_var1,LSTM,3,15,1,3.81748676749456,11.703619067738542,11.646848201751707,26
ws15_fh3_var3,LSTM,3,15,3,3.4927494299182014,11.238769789754183,10.102210521697998,26
ws15_fh7_var1,LSTM,7,15,1,4.788097760286162,14.73286587448035,10.633132934570312,26
ws15_fh7_var3,LSTM,7,15,3,4.411808335523085,13.516616094584156,11.532721757888794,26
ws30_fh1_var1,LSTM,1,30,1,3.103948616352379,9.62979251186264,11.565016508102415,26
ws30_fh1_var3,LSTM,1,30,3,4.8616953372493885,16.56931955442934,10.563900470733644,26
ws30_fh3_var1,LSTM,3,30,1,3.789105324292158,11.656923380834128,11.947141170501707,26
ws30_fh3_var3,LSTM,3,30,3,3.46542027560442,10.54143313007837,10.80553388595581,26
ws30_fh7_var1,LSTM,7,30,1,4.700139325442747,14.260535632091395,11.566500425338743,26
ws30_fh7_var3,LSTM,7,30,3,4.545755084371638,13.519522089259356,10.492823600769045,26
ws7_fh1_var1,LSTM,1,7,1,3.470419993152698,10.749838340702466,9.004322290420532,27
ws7_fh1_var3,LSTM,1,7,3,4.25619291458492,15.050558483933804,8.98837685585022,27
ws7_fh3_var1,LSTM,3,7,1,3.4844525584913884,10.683092056270535,9.348795175552368,27
ws7_fh3_var3,LSTM,3,7,3,3.3505137993380134,10.574348286399095,9.812145233154297,27
ws7_fh7_var1,LSTM,7,7,1,4.524701613093354,13.788996006268237,9.254979372024536,27
ws7_fh7_var3,LSTM,7,7,3,4.291898713113172,13.122495755610098,9.340394973754885,27
ws15_fh1_var1,LSTM,1,15,1,3.7293504725827935,11.71479416293804,9.642171859741213,27
ws15_fh1_var3,LSTM,1,15,3,3.920903153872779,13.222692273361966,8.5464608669281,27
ws15_fh3_var1,LSTM,3,15,1,3.602240015569849,11.035050576551864,9.75293469429016,27
ws15_fh3_var3,LSTM,3,15,3,3.491095922506596,10.88506985107052,9.005449771881104,27
ws15_fh7_var1,LSTM,7,15,1,4.690390433907767,14.324063777935075,9.884145498275757,27
ws15_fh7_var3,LSTM,7,15,3,4.676564247119083,14.603293551212298,9.456276416778564,27
ws30_fh1_var1,LSTM,1,30,1,3.6173323684276473,11.395153718135004,10.737953901290894,27
ws30_fh1_var3,LSTM,1,30,3,3.744569601484707,12.47057093936185,10.757054567337036,27
ws30_fh3_var1,LSTM,3,30,1,3.795105440023602,11.651970266781614,10.526866674423218,27
ws30_fh3_var3,LSTM,3,30,3,3.358985282751473,10.338969866259225,9.361605167388916,27
ws30_fh7_var1,LSTM,7,30,1,4.7123422574671965,14.181359851198753,12.368567943572998,27
ws30_fh7_var3,LSTM,7,30,3,4.467828510124253,13.435918368952716,10.913643836975098,27
ws7_fh1_var1,LSTM,1,7,1,3.9105114010618784,12.6221014911848,8.51661729812622,28
ws7_fh1_var3,LSTM,1,7,3,3.7633937727716735,13.143682265152217,9.645974397659302,28
ws7_fh3_var1,LSTM,3,7,1,3.5784028640095022,10.982715269822387,9.709362030029297,28
ws7_fh3_var3,LSTM,3,7,3,3.3567612578338792,10.487497709704485,10.10304880142212,28
ws7_fh7_var1,LSTM,7,7,1,4.539565429036467,13.831336954223532,9.215848922729492,28
ws7_fh7_var3,LSTM,7,7,3,4.305365180687576,13.121084188476564,8.445119142532349,28
ws15_fh1_var1,LSTM,1,15,1,3.4831638637360625,10.691127588944608,9.361294746398926,28
ws15_fh1_var3,LSTM,1,15,3,5.556180740176616,19.189588724878917,9.309198141098022,28
ws15_fh3_var1,LSTM,3,15,1,3.942052504698095,12.06117131746307,9.20511269569397,28
ws15_fh3_var3,LSTM,3,15,3,3.631827701083747,11.52979767819242,9.900642156600952,28
ws15_fh7_var1,LSTM,7,15,1,5.242237858445417,17.050414519277858,9.153847694396973,28
ws15_fh7_var3,LSTM,7,15,3,4.398157984383775,13.349702016807058,9.718641757965088,28
ws30_fh1_var1,LSTM,1,30,1,3.620622543593999,11.37028326281138,11.84060287475586,28
ws30_fh1_var3,LSTM,1,30,3,4.033407286120206,14.009655054603204,10.59378433227539,28
ws30_fh3_var1,LSTM,3,30,1,3.929240656738683,12.08462276550068,11.003329277038574,28
ws30_fh3_var3,LSTM,3,30,3,3.2473497001804867,10.15409872755622,11.705222845077516,28
ws30_fh7_var1,LSTM,7,30,1,4.764372652787778,14.80848343220912,11.092585325241089,28
ws30_fh7_var3,LSTM,7,30,3,4.532116904773424,13.482239067719926,9.7218177318573,28
ws7_fh1_var1,LSTM,1,7,1,3.845693303809447,11.886800206272795,9.476975917816162,29
ws7_fh1_var3,LSTM,1,7,3,3.5307006597528354,11.84721477153086,9.400779724121094,29
ws7_fh3_var1,LSTM,3,7,1,3.609098260127523,11.058252318356736,14.507795572280884,29
ws7_fh3_var3,LSTM,3,7,3,3.200803121346185,10.076686887056471,9.742244720458984,29
ws7_fh7_var1,LSTM,7,7,1,4.546728117195071,13.858860266900829,10.093112707138062,29
ws7_fh7_var3,LSTM,7,7,3,4.378640283270199,13.186304850964929,10.245691537857056,29
ws15_fh1_var1,LSTM,1,15,1,2.970981383409471,9.20443538700863,9.474733114242554,29
ws15_fh1_var3,LSTM,1,15,3,3.748267470537608,12.535797831471887,9.174749851226808,29
ws15_fh3_var1,LSTM,3,15,1,3.749842451066998,11.478158423044809,10.485517263412476,29
ws15_fh3_var3,LSTM,3,15,3,3.451455892706396,10.742267461038248,10.213781118392944,29
ws15_fh7_var1,LSTM,7,15,1,4.741752330921889,14.402622624690324,10.56861400604248,29
ws15_fh7_var3,LSTM,7,15,3,4.418626716425302,13.309007100377912,11.175329685211182,29
ws30_fh1_var1,LSTM,1,30,1,3.3475839935378344,10.435576110239456,11.34326672554016,29
ws30_fh1_var3,LSTM,1,30,3,3.683069865887861,12.438486008966676,11.577444791793823,29
ws30_fh3_var1,LSTM,3,30,1,3.955917159183216,12.14362304280579,11.193326234817505,29
ws30_fh3_var3,LSTM,3,30,3,3.321345000798587,10.17493432915034,10.885319232940674,29
ws30_fh7_var1,LSTM,7,30,1,4.764629977277001,14.517499454234567,11.558887720108032,29
ws30_fh7_var3,LSTM,7,30,3,4.538933172133675,13.889031091585776,11.4230694770813,29
ws7_fh1_var1,LSTM,1,7,1,3.335997813627489,10.598948568822712,9.545212268829346,30
ws7_fh1_var3,LSTM,1,7,3,3.961823439114402,13.716674391195092,10.571043491363524,30
ws7_fh3_var1,LSTM,3,7,1,3.644004336420064,11.1696731241535,9.312049865722656,30
ws7_fh3_var3,LSTM,3,7,3,3.216336127188722,10.009671288068724,8.723231554031372,30
ws7_fh7_var1,LSTM,7,7,1,4.545869429705858,13.841391730810132,9.959789514541626,30
ws7_fh7_var3,LSTM,7,7,3,4.36879650512912,13.318234936889397,9.342827320098875,30
ws15_fh1_var1,LSTM,1,15,1,3.405352184374582,10.55955794941073,9.428829431533812,30
ws15_fh1_var3,LSTM,1,15,3,4.461139641773427,15.25731488951864,9.885212182998655,30
ws15_fh3_var1,LSTM,3,15,1,3.6135706526575215,11.052093986466934,8.831383466720581,30
ws15_fh3_var3,LSTM,3,15,3,3.5318271004178685,10.976106005271484,9.303075551986694,30
ws15_fh7_var1,LSTM,7,15,1,4.808070177503417,14.799401909858744,9.70660948753357,30
ws15_fh7_var3,LSTM,7,15,3,4.414403151812626,13.436596006266443,11.125494241714478,30
ws30_fh1_var1,LSTM,1,30,1,3.684043374890312,11.422420277232137,10.54917025566101,30
ws30_fh1_var3,LSTM,1,30,3,3.351870126697352,11.42618158945732,10.008418798446655,30
ws30_fh3_var1,LSTM,3,30,1,3.841845923639159,11.794656116015926,10.691150426864624,30
ws30_fh3_var3,LSTM,3,30,3,3.511978930076648,10.768605459570878,11.045805215835571,30
ws30_fh7_var1,LSTM,7,30,1,4.679868508743974,14.161637371280824,10.701334476470947,30
ws30_fh7_var3,LSTM,7,30,3,4.641735165052241,13.639830254430269,11.503432035446169,30
ws7_fh1_var1,LSTM,1,7,1,2.784951348193435,8.52869137436997,8.945262670516968,31
ws7_fh1_var3,LSTM,1,7,3,3.305350516401526,10.644884595471286,9.746800661087036,31
ws7_fh3_var1,LSTM,3,7,1,3.42488565315368,10.516137361847424,8.478347539901733,31
ws7_fh3_var3,LSTM,3,7,3,3.248659726078773,10.16642284390206,8.876161098480225,31
ws7_fh7_var1,LSTM,7,7,1,4.517452250959946,13.764463448685872,11.02460789680481,31
ws7_fh7_var3,LSTM,7,7,3,4.36480680630932,13.35455815519586,9.842804193496704,31
ws15_fh1_var1,LSTM,1,15,1,2.9606737284661904,9.147228446885713,10.304755926132202,31
ws15_fh1_var3,LSTM,1,15,3,3.2745695547402893,10.829267744731965,9.633117198944092,31
ws15_fh3_var1,LSTM,3,15,1,3.905817110485195,11.93557048388076,11.073957681655884,31
ws15_fh3_var3,LSTM,3,15,3,3.298423084836162,10.259507503394463,9.474783897399902,31
ws15_fh7_var1,LSTM,7,15,1,4.8435182769679646,14.66105927622697,8.95667576789856,31
ws15_fh7_var3,LSTM,7,15,3,4.504470582845002,13.727876699512398,10.69970440864563,31
ws30_fh1_var1,LSTM,1,30,1,4.061311276651514,12.918775755634783,10.919400691986084,31
ws30_fh1_var3,LSTM,1,30,3,3.2762149916887813,10.653646404997984,11.45343565940857,31
ws30_fh3_var1,LSTM,3,30,1,3.77538360627652,11.577805691776708,12.27307915687561,31
ws30_fh3_var3,LSTM,3,30,3,3.514279262625939,10.862914682066112,11.40605640411377,31
ws30_fh7_var1,LSTM,7,30,1,4.723430374358286,14.256915792825009,10.777569055557253,31
ws30_fh7_var3,LSTM,7,30,3,4.435252568082801,13.52473923492824,10.90208387374878,31
ws7_fh1_var1,LSTM,1,7,1,3.642171883268711,11.418323214744596,9.19177770614624,32
ws7_fh1_var3,LSTM,1,7,3,3.320232027778779,11.279216402078765,11.480931758880615,32
ws7_fh3_var1,LSTM,3,7,1,3.5784664307938026,10.972185823683152,9.45373821258545,32
ws7_fh3_var3,LSTM,3,7,3,3.350626121384708,10.423063995914085,9.85887622833252,32
ws7_fh7_var1,LSTM,7,7,1,4.548368386824376,13.853819525462203,11.063088178634644,32
ws7_fh7_var3,LSTM,7,7,3,4.351163997079373,13.262914442158074,10.433853387832642,32
ws15_fh1_var1,LSTM,1,15,1,4.136460208406305,13.014984981347066,10.52144455909729,32
ws15_fh1_var3,LSTM,1,15,3,2.8989147308532006,9.082429946225243,9.536121606826782,32
ws15_fh3_var1,LSTM,3,15,1,3.7728919226364663,11.51369066507427,9.894116163253784,32
ws15_fh3_var3,LSTM,3,15,3,3.3571538909751304,10.466891137240914,9.92330265045166,32
ws15_fh7_var1,LSTM,7,15,1,4.827042196993046,14.485837751394708,10.58140993118286,32
ws15_fh7_var3,LSTM,7,15,3,4.522404353514967,13.52200264889113,10.966772317886353,32
ws30_fh1_var1,LSTM,1,30,1,4.845792164170051,15.628313609136798,11.06547498703003,32
ws30_fh1_var3,LSTM,1,30,3,5.009305139696608,17.390781777386728,11.140404224395752,32
ws30_fh3_var1,LSTM,3,30,1,3.862996128951924,11.860950097345466,11.303989171981812,32
ws30_fh3_var3,LSTM,3,30,3,3.4392327935536526,10.599874466688986,10.88408637046814,32
ws30_fh7_var1,LSTM,7,30,1,4.691202984888898,14.241564771161322,11.05740237236023,32
ws30_fh7_var3,LSTM,7,30,3,4.667653283253317,13.648996005375274,11.563002109527588,32
ws7_fh1_var1,LSTM,1,7,1,3.36609663223436,10.511326551326432,9.607845067977903,33
ws7_fh1_var3,LSTM,1,7,3,5.277668756258077,18.754633610416008,9.371223449707031,33
ws7_fh3_var1,LSTM,3,7,1,3.49132852854741,10.699906551134596,9.41361927986145,33
ws7_fh3_var3,LSTM,3,7,3,3.4359582154388213,10.891841376939118,8.982714891433716,33
ws7_fh7_var1,LSTM,7,7,1,4.511602658430187,13.747608355203797,9.572672605514526,33
ws7_fh7_var3,LSTM,7,7,3,4.372577168791134,13.402121147679663,9.40831446647644,33
ws15_fh1_var1,LSTM,1,15,1,3.5215176687699343,11.028217775926304,9.678812980651855,33
ws15_fh1_var3,LSTM,1,15,3,3.930791880886863,13.305262634890042,9.020027875900269,33
ws15_fh3_var1,LSTM,3,15,1,3.8537095454421872,11.744306048697004,9.6493718624115,33
ws15_fh3_var3,LSTM,3,15,3,3.2946667159824194,10.260623546811306,9.209396123886108,33
ws15_fh7_var1,LSTM,7,15,1,4.810097782772703,14.524126637300856,9.612335681915283,33
ws15_fh7_var3,LSTM,7,15,3,4.504136458860055,13.46769682953131,9.997453451156616,33
ws30_fh1_var1,LSTM,1,30,1,3.2441634256225376,10.078998098330358,10.77024269104004,33
ws30_fh1_var3,LSTM,1,30,3,3.805587975590255,13.189148597819331,10.770843744277954,33
ws30_fh3_var1,LSTM,3,30,1,3.595687271329404,11.07152569104451,11.21709132194519,33
ws30_fh3_var3,LSTM,3,30,3,3.231175367273142,9.869010523964295,10.90691375732422,33
ws30_fh7_var1,LSTM,7,30,1,4.788733456818521,14.920096664276835,10.469362735748293,33
ws30_fh7_var3,LSTM,7,30,3,4.466755394496147,13.176593950939813,10.474479913711548,33
ws7_fh1_var1,LSTM,1,7,1,2.907100349229621,9.139520933070497,9.191081047058104,34
ws7_fh1_var3,LSTM,1,7,3,3.1728564260481096,10.502746989424836,8.704025268554688,34
ws7_fh3_var1,LSTM,3,7,1,3.561204862017319,10.929540498748256,9.178012609481812,34
ws7_fh3_var3,LSTM,3,7,3,3.080534491765412,9.625865527624589,10.2400803565979,34
ws7_fh7_var1,LSTM,7,7,1,4.50895025985091,13.73761558743084,9.83450698852539,34
ws7_fh7_var3,LSTM,7,7,3,4.354546988958329,13.382789519338242,9.350781679153442,34
ws15_fh1_var1,LSTM,1,15,1,4.058806157949627,12.857351980450389,8.323798656463623,34
ws15_fh1_var3,LSTM,1,15,3,3.63638677696438,12.396681966853947,8.921194076538086,34
ws15_fh3_var1,LSTM,3,15,1,3.717523094207804,11.381026506221309,9.85043215751648,34
ws15_fh3_var3,LSTM,3,15,3,3.3231808458254046,10.200289992909166,10.132725954055786,34
ws15_fh7_var1,LSTM,7,15,1,4.755251251964693,14.488169497578232,9.898486137390137,34
ws15_fh7_var3,LSTM,7,15,3,4.533630588826091,13.58741399803028,9.51822066307068,34
ws30_fh1_var1,LSTM,1,30,1,4.1630744281158325,13.090987692132815,11.193537950515749,34
ws30_fh1_var3,LSTM,1,30,3,4.308103961229229,14.566316904535396,9.983007431030272,34
ws30_fh3_var1,LSTM,3,30,1,3.7926172864364567,11.647852287351228,9.790237665176392,34
ws30_fh3_var3,LSTM,3,30,3,3.199352486991473,9.908253136942475,10.414863109588625,34
ws30_fh7_var1,LSTM,7,30,1,4.768105022694265,14.43574169427884,10.193609476089478,34
ws30_fh7_var3,LSTM,7,30,3,4.474084838697747,13.481686042453408,11.706178188323976,34
ws7_fh1_var1,LSTM,1,7,1,3.262730580399948,10.217957761319497,9.546680450439451,35
ws7_fh1_var3,LSTM,1,7,3,3.235577802659569,11.06721685033747,9.370588779449465,35
ws7_fh3_var1,LSTM,3,7,1,3.527189567685299,10.813284075420071,9.381475925445557,35
ws7_fh3_var3,LSTM,3,7,3,3.34241652715759,10.461492642902032,10.745450973510742,35
ws7_fh7_var1,LSTM,7,7,1,4.479309976030625,13.638874320174493,8.094802856445312,35
ws7_fh7_var3,LSTM,7,7,3,4.367439044292773,13.335364394997562,9.29622197151184,35
ws15_fh1_var1,LSTM,1,15,1,3.2289668120312176,10.011574053329191,9.73173451423645,35
ws15_fh1_var3,LSTM,1,15,3,5.90486484652888,20.916310996487063,9.417672872543337,35
ws15_fh3_var1,LSTM,3,15,1,3.810254774088494,11.646061184361548,10.34131383895874,35
ws15_fh3_var3,LSTM,3,15,3,3.2943434792537936,10.362615750263934,10.74817943572998,35
ws15_fh7_var1,LSTM,7,15,1,4.797275377041698,14.539111543730964,10.227537631988524,35
ws15_fh7_var3,LSTM,7,15,3,4.665406646529696,13.901098283800362,8.991814374923706,35
ws30_fh1_var1,LSTM,1,30,1,5.2450460922641735,16.893080499620062,9.922859191894531,35
ws30_fh1_var3,LSTM,1,30,3,3.436687650866516,11.49457240559342,10.554109811782835,35
ws30_fh3_var1,LSTM,3,30,1,3.6463177468705457,11.213481336646025,21.57926106452942,35
ws30_fh3_var3,LSTM,3,30,3,3.4295572544172286,10.863300708093105,11.476139545440674,35
ws30_fh7_var1,LSTM,7,30,1,4.656246468476197,14.350147170587224,11.958562135696411,35
ws30_fh7_var3,LSTM,7,30,3,4.505132975680916,13.20412538798769,11.16582703590393,35
ws7_fh1_var1,LSTM,1,7,1,3.504974450570142,10.994950830282326,10.350057125091553,36
ws7_fh1_var3,LSTM,1,7,3,4.874876275556694,17.133034555709763,11.739194869995115,36
ws7_fh3_var1,LSTM,3,7,1,3.5571723103855533,10.91883308751152,10.407515525817873,36
ws7_fh3_var3,LSTM,3,7,3,3.260994744809854,10.28278473726396,10.103137016296388,36
ws7_fh7_var1,LSTM,7,7,1,4.504028346732329,13.712571457456324,8.871031045913696,36
ws7_fh7_var3,LSTM,7,7,3,4.374793617598918,13.274232231779967,9.146905422210692,36
ws15_fh1_var1,LSTM,1,15,1,3.827408901474307,11.960214251727477,9.630935430526732,36
ws15_fh1_var3,LSTM,1,15,3,3.593071396247176,11.700680817167102,9.619179725646973,36
ws15_fh3_var1,LSTM,3,15,1,3.825259484016829,11.678274838789632,10.477542161941528,36
ws15_fh3_var3,LSTM,3,15,3,3.387368929350265,10.58313541591457,11.128859996795654,36
ws15_fh7_var1,LSTM,7,15,1,4.919583868761512,15.169468100767844,11.324312925338743,36
ws15_fh7_var3,LSTM,7,15,3,4.595080525080746,13.75047841708758,11.249055862426758,36
ws30_fh1_var1,LSTM,1,30,1,3.837184345767364,11.865349984014568,11.516645193099976,36
ws30_fh1_var3,LSTM,1,30,3,4.196349908277488,14.027120543752632,11.271360635757446,36
ws30_fh3_var1,LSTM,3,30,1,3.8597883954289527,11.858866362508335,10.472329378128052,36
ws30_fh3_var3,LSTM,3,30,3,3.1598753226062457,9.739845869375406,11.291723489761353,36
ws30_fh7_var1,LSTM,7,30,1,4.773580252183909,14.580471952767752,10.70092272758484,36
ws30_fh7_var3,LSTM,7,30,3,4.455940993882943,13.33497754216974,11.6018807888031,36
ws7_fh1_var1,LSTM,1,7,1,3.217578052304721,10.134053308808976,9.690576076507568,37
ws7_fh1_var3,LSTM,1,7,3,3.774698385804206,12.83865994098946,9.476273775100708,37
ws7_fh3_var1,LSTM,3,7,1,3.6760275209441287,11.266263779232446,9.290349960327148,37
ws7_fh3_var3,LSTM,3,7,3,3.1985622761259336,10.047240921477613,9.530200481414797,37
ws7_fh7_var1,LSTM,7,7,1,4.5066182810409465,13.726127589216803,9.62578058242798,37
ws7_fh7_var3,LSTM,7,7,3,4.364927290266378,13.314915196427393,8.507191896438599,37
ws15_fh1_var1,LSTM,1,15,1,3.537182774408332,11.036722281449054,8.672240018844604,37
ws15_fh1_var3,LSTM,1,15,3,4.548109404312945,15.488607923280284,9.735982656478882,37
ws15_fh3_var1,LSTM,3,15,1,3.738128352131231,11.4730473528216,10.5931499004364,37
ws15_fh3_var3,LSTM,3,15,3,3.5533568798412096,11.324659056035197,11.326492309570312,37
ws15_fh7_var1,LSTM,7,15,1,4.7961921493440896,14.668583251327934,10.629731893539429,37
ws15_fh7_var3,LSTM,7,15,3,4.491701875405584,13.44090342774196,10.81077265739441,37
ws30_fh1_var1,LSTM,1,30,1,3.853281607755982,12.022827692768166,11.23226833343506,37
ws30_fh1_var3,LSTM,1,30,3,4.200008022435871,14.764141899319569,10.418119668960571,37
ws30_fh3_var1,LSTM,3,30,1,3.7079934805978754,11.409585175649156,10.75529146194458,37
ws30_fh3_var3,LSTM,3,30,3,3.477462845508136,10.65979793719331,10.95677900314331,37
ws30_fh7_var1,LSTM,7,30,1,4.86316938930987,14.719356738828932,11.54714012145996,37
ws30_fh7_var3,LSTM,7,30,3,4.464912393599738,13.426420956178506,10.81483268737793,37
ws7_fh1_var1,LSTM,1,7,1,3.818834898013877,12.134185689687826,8.682166576385498,38
ws7_fh1_var3,LSTM,1,7,3,3.886711821259236,13.510154093787442,9.46752953529358,38
ws7_fh3_var1,LSTM,3,7,1,3.6121915123936734,11.071856149553602,9.7869074344635,38
ws7_fh3_var3,LSTM,3,7,3,3.347780928399626,10.405718890044298,9.63563084602356,38
ws7_fh7_var1,LSTM,7,7,1,4.498441984814677,13.705521693247691,9.154616117477415,38
ws7_fh7_var3,LSTM,7,7,3,4.412064137191204,13.547346105919477,9.633349180221558,38
ws15_fh1_var1,LSTM,1,15,1,3.3979660156799376,10.722229365538462,8.98082160949707,38
ws15_fh1_var3,LSTM,1,15,3,3.611568398634847,12.434876377488994,9.582474708557127,38
ws15_fh3_var1,LSTM,3,15,1,3.8235046628109113,11.70686971355028,9.708460092544556,38
ws15_fh3_var3,LSTM,3,15,3,3.4519643848217174,10.557131971118483,9.956097602844238,38
ws15_fh7_var1,LSTM,7,15,1,4.959233126264586,15.37695377026692,11.176525354385376,38
ws15_fh7_var3,LSTM,7,15,3,4.587338966734828,13.848858046282473,9.866614818572998,38
ws30_fh1_var1,LSTM,1,30,1,3.492200818000202,10.892768956440428,9.447599172592165,38
ws30_fh1_var3,LSTM,1,30,3,2.949971290404244,9.84670018146586,10.605870723724363,38
ws30_fh3_var1,LSTM,3,30,1,3.7527849709410304,11.517853997303968,10.54582929611206,38
ws30_fh3_var3,LSTM,3,30,3,3.3817769874226613,10.4794198784891,10.407333135604858,38
ws30_fh7_var1,LSTM,7,30,1,4.795588000392618,14.652572574014613,11.617693662643433,38
ws30_fh7_var3,LSTM,7,30,3,4.549610501530276,13.362358916951148,11.237342596054075,38
ws7_fh1_var1,LSTM,1,7,1,2.9230138384727917,9.18478179941391,9.73934531211853,39
ws7_fh1_var3,LSTM,1,7,3,4.349329482216692,15.386905670351418,9.117968797683716,39
ws7_fh3_var1,LSTM,3,7,1,3.57395844307692,10.950779018616103,9.507688045501707,39
ws7_fh3_var3,LSTM,3,7,3,3.224569708595814,9.92767077756108,9.652608394622805,39
ws7_fh7_var1,LSTM,7,7,1,4.546112650139199,13.854049617324534,8.481869459152222,39
ws7_fh7_var3,LSTM,7,7,3,4.403879951480405,13.41521166107908,9.61178183555603,39
ws15_fh1_var1,LSTM,1,15,1,3.7461683199484663,11.579505284967404,9.76610827445984,39
ws15_fh1_var3,LSTM,1,15,3,5.178693939124347,17.874384529985225,9.754196166992188,39
ws15_fh3_var1,LSTM,3,15,1,3.695939010957485,11.306997361224058,9.405231714248655,39
ws15_fh3_var3,LSTM,3,15,3,3.5375827689092407,10.766999791104976,9.84120512008667,39
ws15_fh7_var1,LSTM,7,15,1,4.735757385398519,14.347386282160668,10.27376675605774,39
ws15_fh7_var3,LSTM,7,15,3,4.671424950037628,13.968892783767696,9.85091519355774,39
ws30_fh1_var1,LSTM,1,30,1,3.847343409942549,12.210995991260289,9.732878923416138,39
ws30_fh1_var3,LSTM,1,30,3,3.2876440399272635,10.329855602456856,10.0730619430542,39
ws30_fh3_var1,LSTM,3,30,1,3.735869463266365,11.492871903084223,10.988492250442505,39
ws30_fh3_var3,LSTM,3,30,3,3.240996124696767,10.00177182658132,10.585469245910645,39
ws30_fh7_var1,LSTM,7,30,1,4.840491267774001,15.366550457319342,10.17975640296936,39
ws30_fh7_var3,LSTM,7,30,3,4.968831100402015,14.72649332672267,12.376713275909424,39
ws7_fh1_var1,LSTM,1,7,1,2.5367714084704702,7.992272213304016,9.335824728012083,40
ws7_fh1_var3,LSTM,1,7,3,3.535011922805153,12.274073938535476,9.28103232383728,40
ws7_fh3_var1,LSTM,3,7,1,3.604762753361924,11.053521965518785,16.08512568473816,40
ws7_fh3_var3,LSTM,3,7,3,3.224609877581915,10.04032637167948,9.6711688041687,40
ws7_fh7_var1,LSTM,7,7,1,4.53793040678578,13.822002034312112,10.620894432067873,40
ws7_fh7_var3,LSTM,7,7,3,4.3635014347152055,13.30728610835714,10.11414122581482,40
ws15_fh1_var1,LSTM,1,15,1,3.401161027159341,10.530012798153503,9.6779363155365,40
ws15_fh1_var3,LSTM,1,15,3,2.852543058010455,9.518321535099382,9.30750298500061,40
ws15_fh3_var1,LSTM,3,15,1,3.8580063577857047,11.826018600391087,10.632752656936646,40
ws15_fh3_var3,LSTM,3,15,3,3.7231856133882135,11.843746122441932,10.60546851158142,40
ws15_fh7_var1,LSTM,7,15,1,4.766793281400116,14.42045625891506,10.705802202224731,40
ws15_fh7_var3,LSTM,7,15,3,4.683250328613634,13.834530968358443,10.915852308273315,40
ws30_fh1_var1,LSTM,1,30,1,3.9495525275612313,12.413082302063556,10.937610149383543,40
ws30_fh1_var3,LSTM,1,30,3,3.816974306538672,12.66578036268212,11.379491329193115,40
ws30_fh3_var1,LSTM,3,30,1,3.556729365384488,10.915273819167007,11.440671920776367,40
ws30_fh3_var3,LSTM,3,30,3,3.3949410106870235,10.620307942343375,11.624248743057253,40
ws30_fh7_var1,LSTM,7,30,1,4.781007702758175,14.831505363119309,11.49759578704834,40
ws30_fh7_var3,LSTM,7,30,3,4.478388315611012,13.659255045173168,11.513562440872192,40
ws7_fh1_var1,LSTM,1,7,1,3.674070878781425,11.55958184511991,9.678241968154907,41
ws7_fh1_var3,LSTM,1,7,3,3.3993663779159284,11.323350517621432,9.193996667861938,41
ws7_fh3_var1,LSTM,3,7,1,3.572256548481825,10.957719592034522,9.266019344329834,41
ws7_fh3_var3,LSTM,3,7,3,3.3793496094681474,10.584975446331754,9.01979637145996,41
ws7_fh7_var1,LSTM,7,7,1,4.565559038296811,13.903506818188449,10.044595718383787,41
ws7_fh7_var3,LSTM,7,7,3,4.36657486878457,13.34070367894817,9.794793367385864,41
ws15_fh1_var1,LSTM,1,15,1,3.471346066352484,10.94099721409045,10.01257824897766,41
ws15_fh1_var3,LSTM,1,15,3,2.7994364283519064,8.672484978605882,10.17811894416809,41
ws15_fh3_var1,LSTM,3,15,1,3.840464795134711,11.758600049502189,10.51171875,41
ws15_fh3_var3,LSTM,3,15,3,3.410721765379201,10.83730061081862,10.727432250976562,41
ws15_fh7_var1,LSTM,7,15,1,4.81379711866195,14.562381917187285,11.198182821273804,41
ws15_fh7_var3,LSTM,7,15,3,4.449113058723221,13.335979225233023,10.229455471038818,41
ws30_fh1_var1,LSTM,1,30,1,3.2040852218409857,9.839825940023958,10.632823944091797,41
ws30_fh1_var3,LSTM,1,30,3,3.25602928169727,11.025826938727857,10.634199857711792,41
ws30_fh3_var1,LSTM,3,30,1,3.605318649083229,11.08932142090894,10.256026983261108,41
ws30_fh3_var3,LSTM,3,30,3,3.253226104865967,9.978405831959758,12.183213949203491,41
ws30_fh7_var1,LSTM,7,30,1,4.76298018328534,14.854906006342311,11.559463262557983,41
ws30_fh7_var3,LSTM,7,30,3,4.761595078463978,13.78563499145299,10.714084148406982,41
ws7_fh1_var1,LSTM,1,7,1,3.709340736930514,11.799536094838684,9.05674409866333,42
ws7_fh1_var3,LSTM,1,7,3,3.1572057970641505,10.721077661252032,9.08825159072876,42
ws7_fh3_var1,LSTM,3,7,1,3.6002853245709354,11.034314002659086,9.300276517868042,42
ws7_fh3_var3,LSTM,3,7,3,3.1787903517799183,9.914778970605768,8.45810341835022,42
ws7_fh7_var1,LSTM,7,7,1,4.498875228164171,13.707139782256364,8.774381637573242,42
ws7_fh7_var3,LSTM,7,7,3,4.352024316747713,13.2550001594541,9.172792673110962,42
ws15_fh1_var1,LSTM,1,15,1,4.359444357477382,13.498541926163671,9.088302850723268,42
ws15_fh1_var3,LSTM,1,15,3,3.8741467138698753,13.013529212840533,9.466044664382936,42
ws15_fh3_var1,LSTM,3,15,1,3.886902569101168,11.872587169623031,9.134769916534424,42
ws15_fh3_var3,LSTM,3,15,3,3.3219562051006144,10.42418735709013,10.429466009140016,42
ws15_fh7_var1,LSTM,7,15,1,4.785516084729067,14.44402349569823,10.385688304901125,42
ws15_fh7_var3,LSTM,7,15,3,4.3529888015954645,13.286996507731006,9.995548725128174,42
ws30_fh1_var1,LSTM,1,30,1,3.427496716386147,10.728091045476427,10.204769134521484,42
ws30_fh1_var3,LSTM,1,30,3,4.465312750610219,15.37396924763753,10.20508098602295,42
ws30_fh3_var1,LSTM,3,30,1,3.340478893246431,10.27232783204411,10.571722030639648,42
ws30_fh3_var3,LSTM,3,30,3,3.5072161481254343,10.810562969055969,11.710596084594728,42
ws30_fh7_var1,LSTM,7,30,1,4.664746779109959,14.221304835347896,11.18048858642578,42
ws30_fh7_var3,LSTM,7,30,3,4.360663600969494,13.18477910865006,11.377205610275269,42
ws7_fh1_var1,LSTM,1,7,1,3.277201224087858,10.454938122650926,10.106123685836792,43
ws7_fh1_var3,LSTM,1,7,3,3.5248445267399053,11.762297477784283,9.05829405784607,43
ws7_fh3_var1,LSTM,3,7,1,3.5723638818200367,10.950973529643958,9.511350870132446,43
ws7_fh3_var3,LSTM,3,7,3,3.195594822885337,9.875126761418668,9.579879999160768,43
ws7_fh7_var1,LSTM,7,7,1,4.49836527511574,13.697950243152455,10.285470962524414,43
ws7_fh7_var3,LSTM,7,7,3,4.330204862882536,13.233137313698704,9.471879720687866,43
ws15_fh1_var1,LSTM,1,15,1,2.7277758809256607,8.432282160471116,9.568690299987791,43
ws15_fh1_var3,LSTM,1,15,3,4.95224158874861,16.684692713409202,8.583481311798096,43
ws15_fh3_var1,LSTM,3,15,1,3.771372896628375,11.518566907708308,9.242323160171509,43
ws15_fh3_var3,LSTM,3,15,3,3.7292439552757792,11.511807673325675,9.420823335647585,43
ws15_fh7_var1,LSTM,7,15,1,4.6752263779785865,14.32305132082601,10.31760835647583,43
ws15_fh7_var3,LSTM,7,15,3,4.618292274785065,13.762958839113468,10.101351022720335,43
ws30_fh1_var1,LSTM,1,30,1,3.0826966894575647,9.807495637110222,9.939154386520386,43
ws30_fh1_var3,LSTM,1,30,3,5.195744714955456,18.25314262139405,9.16062307357788,43
ws30_fh3_var1,LSTM,3,30,1,3.8797154014866497,11.947564687023188,9.95242404937744,43
ws30_fh3_var3,LSTM,3,30,3,3.373903657002953,10.354883341830062,11.081525087356567,43
ws30_fh7_var1,LSTM,7,30,1,4.8795246960589775,15.548298009111749,10.627752542495728,43
ws30_fh7_var3,LSTM,7,30,3,4.7555837969648485,14.169461880279718,11.364749670028688,43
ws7_fh1_var1,LSTM,1,7,1,3.724971521293804,11.716097019951215,9.32297420501709,44
ws7_fh1_var3,LSTM,1,7,3,3.049376683883444,10.071155136688036,9.296725511550903,44
ws7_fh3_var1,LSTM,3,7,1,3.5139543763240675,10.754947742328604,9.107665538787842,44
ws7_fh3_var3,LSTM,3,7,3,3.2969775989310284,10.441341238367178,8.702650308609009,44
ws7_fh7_var1,LSTM,7,7,1,4.539998574761195,13.836407234503891,9.104727029800417,44
ws7_fh7_var3,LSTM,7,7,3,4.293989034038898,13.124584551471328,9.342000007629396,44
ws15_fh1_var1,LSTM,1,15,1,2.881860648731831,8.920200421318897,9.651493787765505,44
ws15_fh1_var3,LSTM,1,15,3,3.1336653778271617,10.479242964631684,10.21849250793457,44
ws15_fh3_var1,LSTM,3,15,1,3.7870283815522634,11.565910210619752,9.80419898033142,44
ws15_fh3_var3,LSTM,3,15,3,3.2132460217201584,10.015465192909916,9.720176696777344,44
ws15_fh7_var1,LSTM,7,15,1,4.844705425659955,14.6403744753507,8.889697074890137,44
ws15_fh7_var3,LSTM,7,15,3,4.531692809418583,13.731299253870938,10.493059158325195,44
ws30_fh1_var1,LSTM,1,30,1,3.7736779990850255,11.823484944941043,9.778424501419067,44
ws30_fh1_var3,LSTM,1,30,3,3.073158110585309,10.078534389540597,10.877684831619264,44
ws30_fh3_var1,LSTM,3,30,1,3.9506977915465735,12.111546420768086,10.28886365890503,44
ws30_fh3_var3,LSTM,3,30,3,3.6351871993307774,11.251347321282529,12.45151710510254,44
ws30_fh7_var1,LSTM,7,30,1,4.788379895016132,14.97748335260585,11.3770751953125,44
ws30_fh7_var3,LSTM,7,30,3,4.36154044475592,13.012007850837833,10.801389932632446,44
ws7_fh1_var1,LSTM,1,7,1,3.63849404191924,11.520683780941315,8.964030742645264,45
ws7_fh1_var3,LSTM,1,7,3,2.935777416097239,9.531554061813436,8.439172744750977,45
ws7_fh3_var1,LSTM,3,7,1,3.4670326817561343,10.64414587215238,17.503065586090088,45
ws7_fh3_var3,LSTM,3,7,3,3.303360934863075,10.367218585438213,10.48191499710083,45
ws7_fh7_var1,LSTM,7,7,1,4.551015755210029,13.871348807016243,10.210176229476929,45
ws7_fh7_var3,LSTM,7,7,3,4.3339897449257965,13.169812597293475,9.804047107696531,45
ws15_fh1_var1,LSTM,1,15,1,3.1710127286602865,9.815389367750075,9.930521726608276,45
ws15_fh1_var3,LSTM,1,15,3,3.2841376574811947,10.67656845538798,9.411823511123655,45
ws15_fh3_var1,LSTM,3,15,1,3.589504642099045,10.97741707271538,10.124736309051514,45
ws15_fh3_var3,LSTM,3,15,3,3.57363593793121,11.224158557553956,10.073841333389282,45
ws15_fh7_var1,LSTM,7,15,1,4.829189796731882,14.640736595489342,11.488585472106934,45
ws15_fh7_var3,LSTM,7,15,3,4.430089705280665,13.37045683001708,10.200690507888794,45
ws30_fh1_var1,LSTM,1,30,1,3.1275181413545505,9.706838331454662,12.41627812385559,45
ws30_fh1_var3,LSTM,1,30,3,3.679183488329266,12.62821010924504,10.911554336547852,45
ws30_fh3_var1,LSTM,3,30,1,4.130053822619705,12.657841331808187,12.18415880203247,45
ws30_fh3_var3,LSTM,3,30,3,3.635731185978024,11.231025616764514,10.671240329742432,45
ws30_fh7_var1,LSTM,7,30,1,4.70105430125259,14.416806489777615,10.817464590072632,45
ws30_fh7_var3,LSTM,7,30,3,4.564191756593767,13.462367341766363,11.28456711769104,45
ws7_fh1_var1,LSTM,1,7,1,3.303827496332638,10.457833026407092,9.662818193435667,46
ws7_fh1_var3,LSTM,1,7,3,5.068275471223298,17.749555320389867,9.93038845062256,46
ws7_fh3_var1,LSTM,3,7,1,3.553323878035344,10.886134083806864,8.59785509109497,46
ws7_fh3_var3,LSTM,3,7,3,3.3962434012383653,10.756571609198604,8.988905191421509,46
ws7_fh7_var1,LSTM,7,7,1,4.47567532738617,13.638616708268762,10.41864824295044,46
ws7_fh7_var3,LSTM,7,7,3,4.372078006419873,13.274936317986056,9.41613268852234,46
ws15_fh1_var1,LSTM,1,15,1,3.411502878355226,10.67595723572192,9.930103302001951,46
ws15_fh1_var3,LSTM,1,15,3,4.104501612698496,13.976334839618346,9.600921392440796,46
ws15_fh3_var1,LSTM,3,15,1,3.751448601183709,11.46312257702093,9.005457401275635,46
ws15_fh3_var3,LSTM,3,15,3,3.5520793864104805,10.99197980260656,10.422560691833496,46
ws15_fh7_var1,LSTM,7,15,1,4.836379011727964,15.144646846402146,11.750356197357178,46
ws15_fh7_var3,LSTM,7,15,3,4.591916751378608,14.021436605054612,11.826406002044678,46
ws30_fh1_var1,LSTM,1,30,1,3.651230338093289,11.36196670376424,10.4563090801239,46
ws30_fh1_var3,LSTM,1,30,3,3.1285819335117324,10.386115416770684,10.429218530654907,46
ws30_fh3_var1,LSTM,3,30,1,3.725383880559064,11.46760967536258,11.038235425949097,46
ws30_fh3_var3,LSTM,3,30,3,3.227858649599462,10.221641417749892,11.137517929077148,46
ws30_fh7_var1,LSTM,7,30,1,4.715984643008237,14.464101713346428,11.753492832183838,46
ws30_fh7_var3,LSTM,7,30,3,4.422755646399459,13.399069472114888,11.36047887802124,46
ws7_fh1_var1,LSTM,1,7,1,2.9633899721429278,9.261466079835968,9.38935089111328,47
ws7_fh1_var3,LSTM,1,7,3,3.8975025265440975,13.497936573488758,9.527668476104736,47
ws7_fh3_var1,LSTM,3,7,1,3.6971255033377575,11.332996493976731,8.800132989883423,47
ws7_fh3_var3,LSTM,3,7,3,3.2390386528769834,10.088235881970842,8.5948007106781,47
ws7_fh7_var1,LSTM,7,7,1,4.467858307442145,13.612197197867928,9.610059022903442,47
ws7_fh7_var3,LSTM,7,7,3,4.362520812446819,13.197449413319248,9.304001331329346,47
ws15_fh1_var1,LSTM,1,15,1,3.243450664695969,10.039695778777345,9.573010683059692,47
ws15_fh1_var3,LSTM,1,15,3,3.327142445953468,10.977816436633065,9.447436094284058,47
ws15_fh3_var1,LSTM,3,15,1,3.781900016806704,11.578236057854635,9.310906171798706,47
ws15_fh3_var3,LSTM,3,15,3,3.3611293833155758,10.512798297243018,9.694958448410034,47
ws15_fh7_var1,LSTM,7,15,1,4.882930067059543,15.316413288509048,10.3047935962677,47
ws15_fh7_var3,LSTM,7,15,3,4.52454792513815,13.591154431214402,9.966113805770874,47
ws30_fh1_var1,LSTM,1,30,1,3.065171162373631,9.44495734265772,10.843750715255736,47
ws30_fh1_var3,LSTM,1,30,3,3.262115744934849,11.030173706734594,10.044533014297484,47
ws30_fh3_var1,LSTM,3,30,1,3.5717945965163547,10.97716618114258,11.288713216781616,47
ws30_fh3_var3,LSTM,3,30,3,3.4623991055706136,10.757542840885916,11.4192156791687,47
ws30_fh7_var1,LSTM,7,30,1,4.676810338777242,14.239557044478108,10.772177457809448,47
ws30_fh7_var3,LSTM,7,30,3,4.531411133504737,13.547018101777034,10.783610343933104,47
ws7_fh1_var1,LSTM,1,7,1,4.153864599515119,13.561775942931476,8.730119466781616,48
ws7_fh1_var3,LSTM,1,7,3,4.244134809944369,14.7322947339649,8.417048454284668,48
ws7_fh3_var1,LSTM,3,7,1,3.4790169024002537,10.683715181806438,9.41222882270813,48
ws7_fh3_var3,LSTM,3,7,3,3.315710599033589,10.35964214377143,9.330564498901367,48
ws7_fh7_var1,LSTM,7,7,1,4.5226550284161045,13.77471133069736,9.141844034194946,48
ws7_fh7_var3,LSTM,7,7,3,4.322740668586315,13.063653062744688,9.768383026123049,48
ws15_fh1_var1,LSTM,1,15,1,2.6525636799740955,8.241671644480247,8.592027425765991,48
ws15_fh1_var3,LSTM,1,15,3,4.475706479002439,14.84459293597942,8.758564233779907,48
ws15_fh3_var1,LSTM,3,15,1,3.804070073998502,11.63926511085559,9.685019969940186,48
ws15_fh3_var3,LSTM,3,15,3,3.397355085680817,10.499572409741068,9.499842405319214,48
ws15_fh7_var1,LSTM,7,15,1,4.79961425517897,14.540969908641973,10.611762046813965,48
ws15_fh7_var3,LSTM,7,15,3,4.475455038600251,13.474807584349556,10.289142370224,48
ws30_fh1_var1,LSTM,1,30,1,2.2952649489692067,7.056758592984588,9.24655532836914,48
ws30_fh1_var3,LSTM,1,30,3,3.684265409828917,12.290740734485068,10.311509370803831,48
ws30_fh3_var1,LSTM,3,30,1,3.7051793051372974,11.389338342739476,11.05260133743286,48
ws30_fh3_var3,LSTM,3,30,3,3.385877538679223,10.499625209046132,10.858304500579834,48
ws30_fh7_var1,LSTM,7,30,1,4.781368699739187,14.659539661999302,11.456133842468262,48
ws30_fh7_var3,LSTM,7,30,3,4.336134434529807,13.019653874036004,11.074722290039062,48
ws7_fh1_var1,LSTM,1,7,1,3.420449369372164,10.71053299191662,9.438356399536133,49
ws7_fh1_var3,LSTM,1,7,3,3.249975330937364,10.601546390491658,9.506983280181885,49
ws7_fh3_var1,LSTM,3,7,1,3.613485579342795,11.06898390703539,9.401762247085571,49
ws7_fh3_var3,LSTM,3,7,3,3.2287013417400185,10.11239017106481,10.118362665176392,49
ws7_fh7_var1,LSTM,7,7,1,4.466082933459522,13.612506866429902,8.674919128417969,49
ws7_fh7_var3,LSTM,7,7,3,4.37731923495305,13.258960490931845,9.488359451293944,49
ws15_fh1_var1,LSTM,1,15,1,3.361043869482625,10.395513491590922,9.49846053123474,49
ws15_fh1_var3,LSTM,1,15,3,3.8226056703164017,12.105987796136828,9.909003973007202,49
ws15_fh3_var1,LSTM,3,15,1,3.8056877831790343,11.63782490171292,9.700183629989624,49
ws15_fh3_var3,LSTM,3,15,3,3.5476048562181197,11.106466566991704,10.18259334564209,49
ws15_fh7_var1,LSTM,7,15,1,4.816431283383457,14.65530675574518,9.742668628692629,49
ws15_fh7_var3,LSTM,7,15,3,4.537389401441987,13.576775631038734,9.743077516555786,49
ws30_fh1_var1,LSTM,1,30,1,3.919924832931589,11.971712776495057,10.6754047870636,49
ws30_fh1_var3,LSTM,1,30,3,3.8244070443096687,12.34001647412803,11.550418376922607,49
ws30_fh3_var1,LSTM,3,30,1,3.801991014996177,11.71209303840042,11.49152898788452,49
ws30_fh3_var3,LSTM,3,30,3,3.2220893497026863,9.905115833781538,10.511788845062256,49
ws30_fh7_var1,LSTM,7,30,1,4.73190394442973,14.395084605396413,12.67463731765747,49
ws30_fh7_var3,LSTM,7,30,3,4.760862821260995,15.0349287832703,10.459511518478394,49
ws7_fh1_var1,LSTM,1,7,1,3.637027069088986,11.48858314281702,9.316700458526611,50
ws7_fh1_var3,LSTM,1,7,3,2.82507546009256,9.574926041743494,8.989533424377441,50
ws7_fh3_var1,LSTM,3,7,1,3.57284733339661,10.96027546579442,9.086459875106812,50
ws7_fh3_var3,LSTM,3,7,3,3.405393348669916,10.686501493701648,8.546379089355469,50
ws7_fh7_var1,LSTM,7,7,1,4.55065930381828,13.863654401275689,9.891295909881592,50
ws7_fh7_var3,LSTM,7,7,3,4.35420231515118,13.284613946402263,9.049195051193236,50
ws15_fh1_var1,LSTM,1,15,1,3.937675536917379,12.494249573810611,9.247701168060305,50
ws15_fh1_var3,LSTM,1,15,3,4.266218128980455,14.67602071159751,9.093269109725952,50
ws15_fh3_var1,LSTM,3,15,1,3.700982957029205,11.32118229689936,8.632075071334839,50
ws15_fh3_var3,LSTM,3,15,3,3.4872551332713577,10.885493184902876,9.97687315940857,50
ws15_fh7_var1,LSTM,7,15,1,4.871862925215667,15.238015029071308,10.014214038848875,50
ws15_fh7_var3,LSTM,7,15,3,4.441694848896403,13.367452737455546,10.456944942474363,50
ws30_fh1_var1,LSTM,1,30,1,2.9972877674569998,9.309752968217792,10.542175769805908,50
ws30_fh1_var3,LSTM,1,30,3,3.085224295521286,10.458547508130064,10.489054441452026,50
ws30_fh3_var1,LSTM,3,30,1,3.679595544271061,11.286248247161842,11.448685646057127,50
ws30_fh3_var3,LSTM,3,30,3,3.3947836930862727,10.506049788597345,19.99270081520081,50
ws30_fh7_var1,LSTM,7,30,1,4.651639697799365,14.18687067137382,12.181112051010132,50
ws30_fh7_var3,LSTM,7,30,3,4.654924697955252,13.759889973642286,11.99557876586914,50
